0320
0320
0356
0090
0474
0380
0230
0204
0320
0051
0157
0048
0315
0249
0320
0252
0294
0072
0112
0292
0135
0320
0320
0047
0007
0203
0202
0071
0183
0320
0320
0320
0206
0248
0463
0157
0157
0157
0157
0157
0157
0341
0320
0157
0157
0157
0315
0230
0047
0157
0320
0320
0136
0157
0157
0332
0320
0270
0380
0090
0320
0274
0407
0341
0069
0071
0320
0320
0230
0230
0320
0320
0091
0389
0202
0001
0340
0431
0093
0247
0203
0335
0029
0094
0046
0320
0319
0069
0339
0319
0135
0338
0338
0338
0338
0338
0338
0320
0050
0094
0115
0094
0158
0342
0320
0113
0234
0068
0246
0367
0319
0115
0316
0269
0380
0320
0113
0091
0112
0158
0112
0388
0157
0320
0275
0158
0135
0135
0227
0113
0318
0072
0112
0112
0158
0158
0158
0135
0319
0002
0320
0047
0094
0158
0320
0320
0134
0091
0091
0292
0320
0007
0366
0135
0320
0050
0134
0134
0135
0320
0319
0135
0048
0320
0319
0135
0135
0135
0135
0319
0135
0320
0135
0320
0342
0134
0134
0090
0090
0135
0112
0320
0135
0090
0117
0090
0090
0135
0112
0112
0134
0366
0319
0090
0135
0006
0112
0136
0135
0135
0090
0157
0112
0112
0135
0047
0134
0112
0113
0112
0112
0112
0112
0112
0113
0112
0135
0112
0157
0135
0113
0135
0135
0135
0157
0135
0135
0320
0157
0135
0135
0135
0135
0090
0135
0134
0112
0134
0112
0090
0090
0112
0113
0113
0113
0094
0135
0135
0091
0135
0376
0112
0112
0113
0113
0134
0113
0112
0135
0113
0134
0135
0135
0112
0135
0135
0135
0135
0093
0072
0093
0319
0315
0315
0072
0005
0319
0337
0366
0339
0319
0224
0319
0319
0025
0274
0319
0335
0230
0320
0320
0319
0090
0091
0331
0320
0320
0002
0320
0232
0389
0473
0319
0320
0320
0094
0334
0319
0024
0180
0320
0269
0316
0400
0293
0276
0288
0206
0320
0410
0070
0136
0319
0315
0024
0158
0331
0048
0069
0292
0320
0366
0052
0051
0320
0320
0256
0234
0366
0366
0366
0366
0070
0359
0135
0366
0366
0366
0366
0366
0366
0366
0366
0366
0366
0366
0366
0366
0366
0366
0366
0366
0366
0112
0069
0319
0332
0320
0320
0319
0070
0341
0336
0069
0320
0025
0050
0046
0319
0319
0296
0250
0335
0320
0320
0358
0249
0073
0319
0234
0320
0096
0320
0234
0292
0250
0090
0113
0091
0320
0320
0276
0430
0319
0358
0358
0320
0319
0202
0311
0320
0052
0024
0070
0335
0320
0047
0320
0358
0336
0320
0319
0320
0094
0407
0315
0030
0157
0072
0047
0023
0269
0090
0050
0276
0094
0453
0319
0320
0320
0046
0378
0069
0320
0320
0321
0319
0271
0320
0094
0094
0320
0320
0331
0319
0046
0343
0319
0320
0320
0005
0160
0365
0319
0269
0205
0250
0320
0320
0049
0072
0320
0331
0331
0112
0319
0379
0269
0365
0365
0365
0029
0320
0159
0025
0320
0359
0051
0094
0048
0159
0320
0292
0116
0275
0070
0409
0094
0320
0073
0256
0024
0320
0094
0358
0028
0383
0047
0292
0320
0094
0320
0412
0319
0320
0093
0160
0025
0496
0319
0320
0272
0160
0159
0342
0137
0138
0137
0138
0093
0272
0320
0320
0070
0270
0499
0158
0320
0335
0335
0292
0007
0320
0270
0320
0499
0320
0320
0499
0398
0202
0227
0247
0320
0430
0025
0094
0434
0046
0050
0320
0137
0115
0436
0435
0137
0320
0234
0024
0023
0024
0024
0226
0094
0004
0499
0499
0320
0320
0246
0094
0028
0320
0320
0380
0073
0320
0094
0320
0202
0319
0051
0233
0251
0441
0180
0341
0090
0002
0253
0320
0319
0341
0320
0228
0205
0094
0408
0094
0094
0256
0312
0320
0317
0234
0002
0319
0319
0292
0320
0160
0319
0160
0256
0315
0138
0320
0320
0256
0070
0070
0070
0070
0234
0362
0429
0320
0320
0048
0291
0408
0069
0276
0292
0321
0180
0138
0029
0473
0319
0430
0028
0136
0476
0390
0333
0412
0321
0005
0339
0451
0409
0320
0341
0319
0314
0320
0024
0334
0319
0319
0070
0319
0006
0226
0320
0315
0359
0320
0206
0206
0206
0002
0249
0341
0320
0319
0029
0292
0292
0224
0320
0046
0320
0319
0320
0201
0320
0072
0315
0224
0388
0047
0320
0072
0320
0320
0299
0250
0320
0320
0135
0320
0269
0069
0090
0089
0159
0319
0249
0202
0094
0399
0047
0002
0071
0269
0320
0291
0320
0320
0331
0227
0320
0339
0320
0072
0291
0291
0450
0336
0319
0320
0112
0002
0320
0388
0321
0051
0179
0046
0320
0320
0002
0092
0479
0250
0320
0093
0250
0335
0473
0292
0094
0292
0050
0292
0451
0049
0335
0094
0412
0292
0320
0320
0070
0112
0320
0052
0090
0320
0339
0439
0453
0027
0159
0390
0029
0160
0315
0269
0090
0113
0365
0094
0434
0250
0320
0291
0089
0184
0008
0319
0089
0455
0379
0050
0320
0320
0069
0050
0320
0201
0428
0089
0183
0359
0321
0319
0025
0180
0380
0339
0024
0320
0048
0320
0335
0460
0006
0275
0319
0321
0319
0315
0250
0320
0068
0390
0094
0319
0342
0030
0090
0227
0318
0183
0093
0028
0074
0319
0319
0089
0275
0319
0072
0291
0320
0332
0332
0332
0072
0069
0314
0332
0023
0400
0071
0089
0089
0320
0094
0226
0389
0094
0400
0050
0249
0319
0024
0320
0320
0074
0320
0335
0136
0028
0179
0276
0292
0270
0314
0135
0113
0319
0182
0071
0319
0362
0335
0335
0319
0320
0007
0047
0089
0089
0002
0089
0319
0089
0006
0461
0320
0070
0138
0137
0052
0320
0007
0224
0228
0343
0456
0069
0319
0024
0292
0292
0315
0320
0025
0478
0320
0047
0292
0073
0270
0292
0270
0270
0406
0269
0089
0320
0320
0358
0051
0047
0072
0225
0028
0228
0294
0320
0320
0320
0336
0272
0067
0332
0025
0135
0320
0320
0091
0320
0089
0319
0050
0026
0201
0320
0332
0309
0320
0314
0089
0046
0272
0115
0477
0359
0249
0400
0400
0249
0272
0320
0272
0202
0319
0071
0320
0331
0341
0050
0090
0412
0366
0135
0048
0002
0320
0320
0158
0112
0112
0455
0091
0320
0320
0051
0008
0228
0320
0050
0270
0002
0002
0320
0024
0160
0291
0204
0094
0094
0090
0069
0434
0251
0251
0433
0337
0027
0292
0382
0320
0320
0089
0006
0246
0276
0093
0359
0071
0201
0024
0158
0137
0249
0006
0007
0299
0002
0093
0090
0319
0069
0071
0230
0320
0273
0320
0090
0094
0319
0320
0092
0007
0094
0094
0320
0388
0250
0320
0320
0276
0477
0250
0434
0434
0319
0089
0089
0411
0089
0067
0089
0089
0434
0320
0089
0206
0071
0434
0046
0320
0365
0023
0250
0028
0269
0320
0320
0320
0227
0003
0094
0320
0428
0456
0091
0050
0436
0249
0320
0024
0024
0094
0320
0316
0023
0249
0455
0292
0367
0342
0091
0320
0158
0201
0378
0320
0378
0228
0319
0094
0319
0046
0320
0068
0298
0315
0047
0045
0415
0415
0005
0315
0296
0094
0006
0320
0201
0341
0247
0436
0434
0437
0159
0339
0320
0201
0113
0024
0226
0049
0050
0320
0070
0319
0070
0270
0320
0294
0246
0071
0309
0320
0030
0499
0026
0291
0320
0320
0074
0024
0320
0320
0251
0336
0250
0320
0029
0072
0026
0320
0343
0320
0320
0048
0400
0072
0334
0206
0272
0206
0094
0206
0320
0320
0319
0094
0412
0320
0320
0320
0069
0069
0251
0475
0320
0051
0320
0094
0320
0320
0320
0320
0321
0094
0252
0253
0158
0320
0320
0253
0071
0253
0253
0253
0253
0253
0335
0335
0335
0091
0320
0320
0050
0292
0320
0320
0320
0337
0320
0028
0319
0412
0456
0271
0113
0315
0477
0477
0047
0250
0320
0071
0274
0048
0114
0320
0297
0320
0094
0320
0094
0206
0067
0410
0410
0320
0247
0320
0320
0291
0023
0290
0409
0046
0336
0320
0069
0408
0320
0090
0397
0320
0320
0320
0439
0025
0320
0094
0320
0068
0320
0270
0320
0135
0135
0434
0319
0320
0320
0091
0135
0157
0071
0094
0030
0335
0007
0320
0072
0428
0136
0316
0002
0094
0269
0116
0320
0072
0227
0320
0320
0292
0319
0026
0093
0292
0203
0409
0320
0203
0320
0435
0320
0271
0411
0135
0180
0249
0380
0048
0320
0320
0047
0320
0320
0028
0267
0320
0029
0318
0298
0224
0093
0343
0228
0025
0228
0320
0276
0408
0292
0224
0094
0339
0402
0343
0321
0321
0320
0072
0048
0320
0228
0321
0320
0291
0320
0365
0272
0315
0291
0388
0250
0320
0320
0072
0113
0358
0046
0294
0023
0095
0320
0113
0320
0271
0320
0320
0094
0320
0320
0320
0343
0320
0247
0246
0247
0246
0247
0320
0399
0320
0229
0275
0320
0073
0183
0361
0002
0319
0093
0202
0205
0094
0320
0271
0434
0319
0135
0254
0094
0320
0115
0320
0320
0320
0094
0276
0094
0009
0312
0051
0315
0315
0094
0320
0320
0269
0071
0320
0160
0094
0335
0320
0333
0335
0002
0094
0456
0320
0160
0003
0335
0335
0320
0267
0320
0359
0114
0320
0201
0320
0276
0071
0335
0073
0343
0320
0071
0320
0047
0410
0025
0389
0320
0363
0047
0320
0320
0477
0090
0319
0320
0320
0047
0047
0072
0254
0380
0314
0427
0320
0320
0320
0068
0249
0321
0002
0361
0320
0427
0249
0320
0320
0320
0157
0363
0093
0411
0343
0247
0320
0354
0201
0412
0320
0320
0320
0315
0114
0094
0029
0431
0051
0004
0072
0314
0320
0342
0336
0320
0314
0316
0314
0314
0389
0313
0314
0094
0230
0310
0320
0248
0094
0320
0315
0409
0094
0320
0454
0158
0320
0272
0275
0094
0068
0024
0070
0320
0320
0367
0320
0069
0094
0320
0320
0320
0053
0073
0320
0047
0269
0293
0046
0029
0095
0320
0320
0069
0094
0320
0450
0072
0116
0407
0320
0320
0456
0094
0380
0249
0320
0224
0315
0050
0313
0408
0006
0455
0320
0320
0094
0320
0002
0320
0412
0412
0315
0316
0071
0460
0202
0366
0320
0366
0090
0315
0320
0248
0094
0367
0320
0094
0094
0335
0272
0316
0003
0070
0046
0362
0046
0411
0002
0247
0046
0250
0046
0090
0184
0451
0048
0024
0320
0319
0160
0320
0320
0389
0053
0320
0272
0094
0025
0135
0412
0002
0340
0367
0320
0411
0411
0090
0073
0400
0320
0093
0400
0400
0111
0250
0320
0094
0094
0320
0270
0320
0333
0007
0320
0094
0248
0272
0111
0068
0090
0269
0090
0090
0090
0336
0090
0292
0320
0112
0112
0112
0112
0112
0090
0089
0247
0269
0320
0090
0090
0090
0090
0090
0090
0028
0292
0068
0090
0090
0090
0090
0090
0135
0135
0090
0090
0090
0090
0090
0090
0090
0090
0269
0090
0090
0320
0093
0024
0024
0024
0320
0090
0383
0408
0378
0296
0378
0030
0296
0320
0299
0320
0336
0411
0112
0320
0248
0029
0179
0270
0271
0248
0248
0248
0248
0248
0248
0320
0320
0320
0320
0314
0320
0320
0249
0339
0375
0389
0320
0361
0250
0379
0072
0183
0050
0074
0046
0407
0320
0320
0024
0202
0094
0094
0072
0319
0056
0072
0181
0298
0320
0320
0029
0320
0320
0474
0320
0320
0157
0320
0052
0003
0499
0320
0314
0320
0320
0320
0320
0181
0441
0134
0294
0009
0337
0441
0093
0224
0007
0365
0320
0320
0332
0250
0093
0331
0112
0320
0117
0499
0433
0270
0335
0320
0430
0319
0429
0353
0499
0499
0320
0320
0320
0320
0270
0250
0073
0004
0002
0320
0028
0250
0290
0319
0025
0320
0116
0334
0320
0028
0202
0320
0028
0094
0338
0135
0320
0074
0319
0502
0319
0094
0429
0315
0270
0249
0272
0320
0377
0269
0049
0094
0318
0048
0093
0320
0072
0025
0375
0048
0320
0320
0003
0320
0226
0094
0342
0320
0136
0090
0316
0377
0207
0319
0024
0050
0334
0315
0249
0320
0320
0269
0094
0320
0367
0311
0048
0401
0335
0074
0202
0115
0329
0320
0408
0377
0319
0320
0320
0250
0051
0319
0320
0463
0309
0320
0320
0246
0389
0320
0320
0050
0331
0320
0051
0439
0230
0029
0272
0293
0292
0292
0297
0337
0320
0158
0247
0224
0320
0320
0320
0359
0006
0320
0320
0230
0463
0094
0353
0333
0005
0069
0024
0270
0320
0320
0387
0400
0299
0332
0002
0250
0320
0315
0320
0002
0292
0292
0292
0320
0070
0292
0320
0094
0270
0292
0320
0090
0252
0336
0320
0270
0359
0412
0090
0094
0094
0320
0320
0358
0401
0309
0320
0093
0333
0157
0158
0319
0335
0090
0320
0294
0411
0320
0250
0047
0090
0366
0094
0320
0321
0047
0002
0201
0378
0051
0320
0320
0320
0342
0320
0319
0321
0024
0320
0319
0093
0002
0225
0310
0361
0342
0319
0366
0320
0249
0320
0050
0024
0319
0246
0201
0072
0342
0320
0137
0070
0228
0319
0320
0361
0319
0094
0320
0314
0050
0314
0071
0315
0202
0202
0333
0333
0316
0320
0268
0024
0455
0319
0201
0320
0024
0024
0001
0320
0094
0412
0320
0390
0071
0337
0384
0091
0375
0320
0093
0002
0315
0320
0402
0320
0335
0249
0002
0380
0380
0361
0024
0050
0320
0203
0094
0046
0225
0224
0031
0408
0093
0047
0320
0224
0224
0315
0071
0320
0339
0032
0320
0292
0379
0090
0091
0319
0157
0157
0314
0090
0320
0250
0007
0320
0047
0412
0342
0320
0321
0229
0339
0003
0179
0320
0006
0246
0296
0320
0313
0319
0320
0228
0201
0313
0320
0094
0296
0320
0074
0251
0296
0160
0314
0314
0314
0050
0230
0384
0400
0320
0112
0450
0134
0320
0137
0112
0049
0463
0320
0112
0112
0051
0320
0112
0248
0112
0292
0291
0380
0320
0320
0068
0093
0317
0297
0114
0320
0028
0002
0179
0251
0320
0320
0320
0069
0320
0202
0180
0203
0333
0297
0333
0320
0292
0276
0314
0364
0320
0160
0094
0114
0202
0320
0292
0179
0181
0386
0024
0276
0114
0047
0342
0024
0320
0047
0337
0270
0320
0228
0320
0389
0053
0340
0094
0320
0095
0270
0271
0248
0292
0320
0379
0339
0319
0432
0005
0270
0375
0335
0002
0003
0320
0183
0090
0135
0135
0336
0336
0289
0358
0321
0320
0406
0069
0320
0210
0247
0399
0367
0433
0320
0320
0411
0094
0338
0201
0320
0333
0401
0340
0331
0276
0228
0319
0271
0093
0464
0341
0026
0274
0319
0401
0249
0253
0275
0316
0093
0320
0201
0320
0094
0157
0319
0274
0049
0158
0026
0320
0389
0341
0184
0320
0228
0249
0319
0298
0320
0023
0341
0253
0253
0002
0113
0094
0201
0320
0251
0271
0320
0342
0094
0412
0116
0319
0319
0201
0320
0225
0226
0411
0433
0407
0276
0201
0320
0250
0320
0342
0069
0320
0006
0225
0320
0250
0319
0250
0250
0319
0320
0320
0335
0094
0342
0342
0135
0319
0320
0272
0399
0336
0367
0029
0358
0358
0320
0320
0073
0224
0378
0092
0320
0270
0319
0320
0320
0072
0315
0441
0048
0089
0320
0029
0320
0319
0319
0362
0158
0270
0319
0319
0112
0112
0112
0134
0113
0113
0112
0112
0135
0314
0378
0159
0069
0320
0335
0003
0331
0358
0341
0336
0313
0090
0068
0025
0358
0358
0331
0090
0426
0425
0205
0332
0331
0026
0320
0112
0335
0320
0297
0224
0320
0319
0319
0320
0230
0319
0028
0343
0353
0320
0319
0047
0002
0388
0028
0319
0344
0343
0319
0319
0296
0297
0319
0320
0343
0314
0272
0291
0342
0309
0343
0343
0315
0276
0274
0315
0320
0320
0337
0320
0069
0319
0313
0311
0315
0336
0363
0320
0250
0250
0353
0227
0474
0320
0071
0319
0270
0007
0320
0272
0201
0292
0320
0289
0320
0201
0320
0378
0270
0270
0310
0156
0292
0201
0023
0201
0228
0046
0072
0320
0050
0320
0227
0390
0320
0320
0230
0320
0090
0298
0202
0320
0339
0202
0024
0069
0179
0320
0340
0250
0094
0320
0319
0320
0320
0069
0049
0381
0342
0320
0276
0299
0320
0276
0332
0434
0050
0297
0342
0008
0276
0320
0434
0024
0434
0434
0007
0319
0249
0320
0314
0050
0343
0178
0320
0320
0320
0332
0320
0320
0315
0202
0112
0112
0112
0050
0319
0094
0112
0002
0269
0249
0315
0315
0319
0296
0463
0269
0250
0094
0112
0314
0336
0313
0336
0320
0320
0358
0073
0313
0026
0249
0249
0338
0316
0316
0320
0412
0273
0049
0093
0364
0320
0244
0070
0319
0339
0068
0090
0178
0292
0270
0050
0342
0380
0339
0117
0157
0157
0247
0046
0029
0318
0320
0320
0073
0320
0225
0201
0024
0224
0292
0179
0337
0340
0050
0117
0254
0050
0319
0202
0202
0474
0025
0400
0336
0411
0320
0379
0333
0320
0072
0093
0093
0093
0364
0319
0276
0050
0320
0341
0319
0342
0315
0319
0247
0068
0320
0319
0072
0201
0201
0341
0072
0050
0004
0311
0320
0050
0136
0137
0384
0069
0320
0050
0320
0319
0411
0411
0411
0028
0002
0319
0342
0319
0320
0320
0004
0319
0321
0050
0202
0072
0072
0319
0048
0338
0050
0050
0069
0201
0003
0438
0451
0049
0050
0050
0050
0050
0050
0050
0049
0050
0453
0337
0050
0277
0158
0050
0292
0320
0320
0072
0049
0050
0050
0050
0050
0050
0050
0050
0050
0050
0050
0050
0050
0050
0049
0050
0050
0050
0050
0072
0050
0050
0072
0050
0050
0072
0050
0050
0072
0072
0050
0072
0050
0050
0050
0050
0050
0050
0072
0072
0050
0050
0050
0050
0050
0049
0072
0049
0071
0072
0050
0050
0050
0072
0050
0072
0050
0048
0050
0049
0050
0050
0204
0336
0272
0320
0069
0094
0319
0051
0336
0201
0319
0320
0320
0135
0276
0024
0226
0319
0297
0094
0276
0048
0338
0314
0276
0318
0090
0047
0274
0093
0315
0297
0320
0320
0376
0319
0314
0411
0319
0320
0029
0030
0411
0276
0276
0320
0436
0319
0072
0267
0203
0290
0276
0315
0070
0320
0337
0337
0320
0337
0337
0337
0320
0339
0342
0024
0320
0160
0249
0309
0463
0320
0090
0463
0094
0463
0463
0072
0249
0050
0320
0275
0320
0275
0276
0411
0276
0276
0276
0276
0320
0276
0276
0276
0137
0158
0093
0273
0224
0320
0320
0202
0202
0002
0026
0224
0343
0320
0271
0337
0398
0319
0290
0028
0320
0290
0290
0320
0320
0333
0318
0050
0337
0337
0315
0315
0337
0315
0320
0206
0319
0319
0315
0068
0343
0206
0094
0298
0319
0411
0093
0343
0319
0093
0319
0206
0206
0343
0320
0224
0343
0343
0343
0343
0343
0365
0343
0320
0070
0137
0027
0401
0094
0453
0315
0400
0252
0401
0411
0320
0429
0202
0379
0135
0135
0135
0320
0379
0093
0136
0430
0093
0319
0113
0336
0401
0388
0272
0320
0361
0364
0319
0320
0341
0294
0093
0046
0181
0358
0201
0002
0319
0320
0410
0320
0068
0337
0201
0320
0358
0315
0006
0272
0320
0400
0320
0320
0005
0342
0318
0385
0380
0320
0320
0320
0249
0401
0071
0320
0071
0365
0319
0320
0114
0430
0319
0008
0401
0178
0202
0049
0340
0319
0319
0090
0320
0332
0343
0343
0320
0320
0201
0201
0322
0322
0320
0320
0439
0047
0320
0320
0276
0320
0320
0384
0319
0320
0201
0274
0389
0201
0320
0270
0094
0320
0002
0475
0004
0319
0343
0320
0320
0319
0069
0249
0319
0320
0069
0361
0320
0336
0320
0319
0337
0202
0320
0337
0320
0320
0388
0320
0320
0201
0292
0336
0319
0320
0067
0320
0201
0320
0068
0363
0292
0089
0337
0381
0337
0270
0292
0337
0090
0337
0227
0005
0337
0311
0316
0320
0364
0320
0093
0093
0092
0093
0320
0337
0319
0337
0337
0320
0320
0319
0388
0337
0337
0315
0185
0002
0319
0052
0320
0315
0320
0342
0337
0338
0315
0337
0320
0315
0320
0428
0359
0315
0337
0320
0315
0315
0337
0315
0314
0201
0320
0338
0315
0315
0315
0315
0337
0337
0337
0315
0315
0315
0337
0337
0315
0315
0337
0337
0337
0315
0337
0337
0337
0315
0337
0337
0337
0316
0337
0337
0315
0337
0337
0337
0315
0337
0315
0315
0338
0337
0315
0315
0337
0315
0338
0315
0315
0337
0315
0315
0315
0337
0315
0315
0315
0315
0315
0315
0315
0320
0315
0291
0320
0007
0320
0320
0400
0320
0320
0074
0320
0450
0047
0005
0272
0358
0315
0201
0320
0320
0320
0250
0320
0029
0320
0320
0319
0320
0201
0320
0298
0320
0320
0270
0406
0320
0315
0320
0201
0316
0320
0434
0008
0319
0227
0094
0332
0453
0343
0320
0320
0248
0313
0364
0028
0320
0452
0160
0320
0319
0073
0316
0320
0293
0320
0297
0001
0316
0478
0320
0052
0320
0270
0116
0270
0320
0270
0270
0270
0270
0270
0270
0248
0202
0201
0320
0248
0270
0270
0069
0069
0270
0270
0270
0248
0248
0320
0202
0225
0205
0250
0320
0271
0320
0201
0291
0314
0184
0204
0319
0320
0205
0207
0182
0270
0073
0201
0205
0203
0320
0320
0298
0248
0201
0276
0090
0093
0379
0231
0230
0319
0227
0137
0070
0201
0320
0183
0137
0203
0250
0477
0001
0069
0319
0365
0412
0070
0411
0411
0319
0315
0411
0073
0112
0112
0115
0269
0320
0362
0320
0276
0224
0319
0225
0070
0320
0291
0031
0321
0094
0069
0318
0335
0138
0024
0375
0380
0201
0201
0114
0320
0320
0313
0115
0024
0024
0180
0093
0389
0389
0250
0315
0052
0249
0319
0332
0320
0093
0093
0291
0002
0250
0272
0247
0320
0202
0319
0158
0250
0320
0320
0250
0071
0202
0007
0207
0025
0202
0003
0315
0250
0202
0320
0201
0226
0362
0309
0320
0050
0361
0434
0250
0071
0024
0007
0401
0378
0092
0007
0342
0321
0229
0028
0315
0069
0072
0137
0313
0313
0230
0069
0320
0135
0113
0320
0292
0292
0315
0051
0320
0002
0320
0113
0137
0320
0320
0002
0333
0072
0365
0094
0320
0320
0320
0366
0397
0002
0068
0047
0320
0319
0050
0321
0228
0439
0499
0048
0069
0439
0319
0201
0094
0439
0029
0093
0320
0290
0340
0047
0201
0135
0046
0023
0045
0046
0319
0408
0112
0201
0296
0364
0294
0024
0320
0093
0321
0319
0007
0001
0320
0319
0320
0314
0046
0025
0332
0316
0047
0320
0388
0002
0050
0158
0069
0209
0006
0005
0116
0002
0269
0319
0315
0024
0116
0201
0201
0201
0228
0319
0249
0069
0319
0320
0072
0408
0094
0179
0134
0336
0094
0202
0093
0250
0070
0320
0157
0180
0296
0180
0320
0451
0406
0320
0092
0050
0094
0435
0093
0134
0458
0457
0435
0458
0112
0316
0320
0320
0319
0292
0292
0319
0315
0046
0116
0005
0002
0320
0007
0203
0336
0292
0320
0201
0343
0320
0094
0343
0343
0320
0268
0320
0380
0272
0320
0320
0319
0050
0380
0072
0050
0050
0271
0314
0025
0006
0229
0363
0204
0376
0320
0439
0093
0248
0094
0321
0072
0069
0311
0319
0312
0269
0069
0320
0319
0410
0002
0319
0319
0319
0343
0024
0320
0434
0116
0202
0320
0320
0320
0292
0363
0028
0052
0050
0115
0319
0439
0320
0226
0253
0253
0320
0320
0365
0365
0253
0320
0320
0331
0319
0331
0331
0073
0320
0053
0334
0023
0051
0112
0090
0094
0090
0362
0202
0291
0320
0319
0320
0400
0319
0315
0315
0315
0319
0320
0093
0320
0047
0378
0319
0092
0093
0093
0319
0319
0320
0045
0094
0320
0093
0406
0320
0336
0336
0090
0320
0319
0046
0339
0316
0315
0051
0094
0046
0339
0072
0072
0320
0339
0429
0090
0226
0005
0341
0320
0320
0358
0320
0320
0320
0250
0315
0315
0316
0315
0138
0291
0023
0293
0116
0115
0115
0114
0116
0116
0320
0320
0316
0320
0138
0116
0138
0138
0116
0138
0138
0320
0201
0202
0290
0201
0202
0094
0321
0047
0291
0290
0027
0272
0007
0320
0007
0319
0316
0316
0319
0115
0050
0135
0094
0320
0320
0093
0364
0094
0320
0321
0073
0069
0319
0320
0006
0317
0320
0319
0319
0336
0363
0339
0315
0180
0434
0319
0072
0320
0072
0008
0415
0248
0094
0342
0415
0320
0339
0331
0331
0331
0331
0331
0331
0072
0250
0434
0434
0050
0115
0270
0408
0320
0138
0319
0320
0408
0316
0338
0069
0320
0094
0029
0319
0179
0073
0320
0071
0319
0269
0024
0049
0225
0226
0270
0250
0024
0320
0250
0093
0227
0250
0071
0071
0338
0315
0315
0315
0315
0315
0072
0319
0135
0336
0315
0026
0297
0202
0070
0273
0096
0407
0094
0068
0320
0051
0229
0094
0272
0136
0320
0094
0179
0180
0298
0320
0249
0007
0315
0114
0093
0315
0321
0072
0319
0320
0380
0319
0315
0046
0292
0320
0112
0112
0093
0113
0071
0320
0203
0315
0225
0272
0071
0112
0320
0320
0332
0390
0336
0112
0380
0380
0341
0385
0025
0183
0320
0320
0266
0094
0002
0053
0202
0320
0247
0292
0320
0249
0344
0320
0320
0008
0320
0094
0320
0320
0269
0024
0027
0315
0320
0320
0315
0091
0201
0094
0399
0320
0094
0320
0319
0046
0385
0203
0184
0434
0249
0320
0366
0314
0405
0206
0319
0249
0292
0320
0314
0314
0319
0163
0314
0202
0025
0320
0320
0225
0180
0180
0314
0321
0227
0358
0412
0069
0344
0247
0428
0401
0319
0029
0319
0073
0320
0315
0024
0268
0071
0071
0321
0115
0319
0320
0451
0028
0243
0320
0320
0336
0313
0320
0320
0201
0320
0267
0320
0271
0024
0090
0090
0224
0179
0318
0227
0023
0296
0319
0027
0320
0320
0072
0070
0135
0478
0336
0319
0380
0008
0030
0135
0319
0319
0026
0341
0026
0320
0319
0028
0026
0320
0026
0201
0094
0320
0008
0384
0029
0320
0320
0090
0090
0331
0310
0365
0365
0320
0320
0024
0135
0320
0319
0070
0224
0320
0320
0320
0139
0272
0320
0072
0320
0027
0001
0005
0249
0320
0340
0205
0320
0335
0028
0179
0319
0137
0320
0320
0320
0320
0311
0029
0048
0003
0338
0473
0314
0320
0473
0473
0451
0320
0320
0320
0320
0093
0320
0476
0287
0365
0331
0314
0271
0342
0335
0095
0342
0320
0202
0135
0002
0138
0319
0320
0335
0052
0319
0320
0072
0157
0294
0315
0343
0320
0320
0047
0320
0314
0071
0269
0202
0046
0289
0320
0320
0253
0320
0343
0319
0407
0202
0180
0320
0366
0201
0367
0320
0093
0319
0202
0093
0207
0313
0069
0093
0315
0320
0320
0225
0320
0071
0049
0224
0071
0320
0333
0291
0320
0320
0230
0094
0135
0320
0320
0320
0227
0320
0320
0006
0225
0070
0314
0094
0296
0202
0225
0389
0335
0248
0201
0320
0315
0027
0320
0319
0201
0320
0388
0094
0320
0071
0291
0202
0071
0320
0202
0320
0320
0201
0364
0202
0093
0072
0320
0094
0319
0319
0319
0315
0315
0337
0315
0315
0315
0315
0315
0315
0315
0315
0315
0362
0362
0298
0024
0202
0224
0291
0227
0272
0339
0051
0182
0290
0201
0047
0070
0320
0007
0159
0319
0024
0320
0341
0048
0320
0184
0272
0336
0227
0093
0068
0068
0202
0094
0315
0315
0007
0315
0029
0320
0320
0002
0094
0320
0320
0069
0202
0315
0320
0320
0316
0320
0094
0225
0319
0201
0288
0180
0320
0320
0180
0180
0180
0180
0180
0180
0297
0024
0408
0338
0337
0320
0320
0381
0294
0436
0136
0314
0364
0320
0320
0434
0250
0004
0202
0320
0339
0320
0070
0094
0224
0071
0319
0319
0225
0071
0179
0358
0224
0224
0225
0225
0358
0336
0320
0336
0069
0069
0320
0202
0202
0094
0320
0320
0071
0202
0202
0316
0202
0250
0158
0180
0320
0250
0202
0340
0231
0231
0253
0320
0202
0320
0320
0274
0320
0319
0320
0179
0114
0224
0179
0314
0358
0343
0320
0320
0413
0071
0180
0201
0318
0072
0320
0320
0002
0320
0157
0320
0320
0340
0320
0296
0202
0006
0180
0202
0343
0069
0226
0230
0413
0179
0180
0202
0180
0202
0006
0266
0340
0225
0114
0202
0202
0320
0203
0202
0202
0224
0201
0202
0320
0180
0202
0225
0224
0202
0224
0202
0180
0225
0202
0180
0180
0202
0202
0225
0202
0225
0226
0202
0202
0202
0180
0202
0203
0048
0202
0225
0202
0201
0179
0202
0201
0202
0225
0202
0202
0201
0202
0202
0202
0202
0202
0202
0202
0202
0179
0224
0225
0225
0202
0202
0202
0224
0202
0202
0180
0180
0180
0202
0180
0180
0202
0224
0179
0202
0180
0180
0266
0224
0179
0225
0180
0202
0180
0225
0202
0180
0202
0180
0202
0180
0180
0180
0049
0024
0320
0272
0251
0320
0073
0314
0320
0320
0340
0320
0030
0319
0401
0320
0070
0320
0250
0320
0320
0250
0249
0185
0320
0298
0366
0320
0320
0363
0320
0309
0331
0319
0319
0333
0073
0024
0332
0319
0332
0094
0272
0135
0336
0319
0250
0026
0320
0366
0366
0298
0094
0094
0292
0320
0498
0499
0296
0250
0094
0434
0319
0358
0029
0320
0157
0135
0157
0319
0135
0311
0157
0428
0319
0320
0320
0320
0319
0298
0094
0320
0184
0320
0336
0314
0335
0074
0047
0274
0094
0320
0002
0002
0452
0071
0094
0095
0320
0320
0298
0319
0337
0090
0071
0320
0320
0204
0071
0321
0336
0320
0094
0181
0380
0320
0320
0379
0045
0320
0202
0002
0115
0343
0320
0290
0050
0202
0452
0068
0320
0453
0093
0320
0401
0029
0224
0451
0320
0320
0006
0320
0361
0361
0320
0270
0247
0094
0320
0320
0320
0231
0292
0320
0320
0439
0407
0390
0320
0267
0094
0072
0335
0335
0316
0320
0271
0204
0319
0320
0002
0338
0316
0317
0338
0338
0338
0338
0341
0002
0314
0314
0358
0320
0320
0435
0321
0070
0226
0320
0073
0270
0320
0069
0067
0090
0090
0090
0090
0335
0320
0292
0090
0090
0090
0090
0090
0319
0320
0205
0292
0321
0225
0320
0094
0114
0230
0292
0389
0276
0184
0319
0343
0224
0319
0094
0335
0335
0269
