0519
0519
0593
0143
0771
0623
0376
0315
0519
0065
0256
0088
0512
0401
0519
0433
0486
0148
0199
0483
0228
0519
0519
0087
0009
0314
0313
0119
0289
0519
0519
0519
0347
0428
0785
0256
0256
0256
0256
0256
0256
0546
0519
0256
0256
0256
0541
0377
0088
0256
0519
0519
0229
0256
0256
0562
0519
0428
0623
0142
0519
0461
0658
0546
0116
0119
0519
0519
0376
0376
0519
0519
0171
0636
0341
0002
0572
0717
0147
0398
0342
0539
0037
0148
0058
0519
0519
0116
0572
0519
0228
0542
0542
0542
0542
0542
0542
0519
0092
0147
0202
0147
0257
0547
0519
0171
0410
0115
0398
0607
0519
0202
0514
0426
0623
0519
0199
0171
0171
0257
0170
0634
0256
0519
0462
0256
0228
0228
0373
0199
0517
0120
0198
0198
0256
0257
0257
0228
0519
0003
0519
0060
0147
0256
0519
0519
0227
0171
0171
0484
0519
0037
0606
0228
0519
0092
0227
0227
0227
0519
0519
0228
0090
0519
0519
0228
0228
0228
0228
0519
0227
0519
0200
0519
0547
0198
0199
0170
0142
0228
0198
0519
0228
0142
0177
0142
0142
0227
0170
0199
0227
0605
0518
0170
0199
0007
0198
0228
0227
0227
0142
0256
0199
0198
0227
0088
0199
0199
0199
0199
0171
0199
0199
0199
0199
0198
0228
0199
0255
0227
0199
0199
0227
0228
0256
0227
0227
0519
0256
0228
0228
0228
0228
0142
0227
0198
0198
0198
0198
0170
0170
0199
0199
0199
0200
0147
0227
0227
0171
0228
0619
0199
0198
0199
0199
0227
0199
0199
0227
0199
0199
0199
0227
0199
0199
0200
0228
0228
0147
0119
0147
0519
0541
0541
0119
0034
0519
0541
0605
0571
0519
0369
0518
0519
0060
0460
0519
0539
0376
0519
0519
0518
0143
0143
0534
0519
0519
0003
0519
0379
0635
0770
0519
0519
0519
0147
0537
0519
0030
0285
0519
0426
0514
0649
0485
0464
0479
0346
0519
0662
0116
0230
0519
0513
0031
0256
0533
0089
0144
0456
0519
0605
0066
0065
0519
0519
0410
0410
0605
0605
0605
0605
0117
0596
0228
0605
0605
0605
0605
0605
0605
0606
0605
0605
0605
0605
0605
0605
0605
0605
0605
0605
0605
0171
0115
0518
0535
0519
0519
0519
0090
0574
0540
0116
0519
0032
0063
0059
0518
0519
0489
0402
0566
0519
0519
0595
0401
0120
0518
0410
0519
0150
0519
0410
0484
0431
0171
0200
0171
0519
0519
0463
0716
0519
0596
0568
0519
0519
0341
0536
0519
0095
0031
0117
0539
0519
0088
0519
0567
0567
0519
0518
0519
0148
0686
0541
0038
0256
0119
0087
0057
0426
0142
0092
0463
0147
0744
0519
0519
0519
0087
0621
0116
0519
0519
0548
0519
0457
0519
0148
0176
0519
0519
0561
0519
0059
0576
0519
0519
0519
0007
0260
0576
0519
0426
0345
0430
0519
0519
0090
0147
0519
0533
0561
0170
0518
0622
0455
0604
0604
0576
0037
0519
0259
0060
0519
0596
0065
0147
0089
0259
0519
0483
0203
0462
0117
0660
0176
0519
0121
0409
0031
0519
0147
0596
0036
0627
0088
0455
0519
0147
0519
0693
0518
0519
0147
0259
0031
0799
0518
0519
0430
0259
0259
0547
0231
0231
0231
0231
0147
0430
0519
0519
0117
0455
0803
0285
0519
0539
0539
0484
0009
0519
0455
0519
0803
0519
0519
0803
0646
0341
0372
0399
0519
0688
0031
0147
0720
0058
0091
0519
0202
0202
0695
0721
0202
0519
0381
0030
0030
0030
0030
0371
0147
0004
0803
0803
0519
0519
0397
0147
0035
0519
0519
0623
0120
0519
0176
0519
0341
0519
0093
0409
0431
0730
0285
0574
0170
0003
0405
0519
0519
0574
0519
0374
0345
0147
0687
0147
0147
0409
0508
0519
0515
0409
0031
0518
0519
0483
0519
0259
0519
0259
0409
0513
0231
0519
0519
0409
0117
0117
0117
0117
0410
0600
0686
0519
0519
0088
0454
0687
0116
0463
0483
0521
0285
0231
0037
0770
0519
0687
0036
0229
0774
0664
0564
0664
0521
0006
0544
0742
0661
0519
0546
0519
0511
0519
0030
0565
0519
0519
0117
0519
0036
0400
0519
0513
0596
0519
0346
0346
0346
0003
0429
0546
0519
0519
0036
0483
0455
0369
0519
0087
0519
0519
0519
0312
0519
0092
0541
0369
0634
0060
0519
0119
0519
0519
0492
0430
0519
0519
0228
0519
0427
0116
0142
0170
0259
0519
0401
0341
0147
0648
0088
0002
0118
0426
0519
0454
0519
0519
0561
0373
0519
0572
0519
0119
0455
0483
0713
0540
0519
0519
0170
0003
0519
0606
0521
0093
0312
0087
0519
0519
0003
0146
0777
0402
0519
0147
0402
0538
0770
0484
0176
0484
0063
0456
0742
0062
0538
0147
0665
0483
0519
0519
0116
0171
0519
0095
0142
0519
0544
0726
0744
0062
0258
0636
0065
0260
0541
0426
0142
0171
0605
0148
0721
0402
0519
0483
0141
0318
0010
0519
0141
0719
0623
0092
0519
0519
0116
0064
0519
0340
0713
0142
0289
0596
0548
0519
0031
0285
0623
0543
0059
0519
0089
0519
0567
0753
0008
0462
0519
0521
0519
0541
0430
0519
0114
0636
0147
0519
0547
0038
0142
0373
0517
0317
0174
0064
0122
0519
0518
0141
0462
0519
0147
0483
0519
0562
0562
0562
0120
0116
0540
0534
0030
0649
0118
0141
0141
0519
0148
0343
0635
0147
0649
0091
0401
0519
0030
0519
0519
0122
0519
0539
0229
0064
0311
0463
0456
0456
0511
0228
0171
0519
0288
0118
0519
0601
0538
0539
0518
0519
0008
0088
0141
0141
0003
0141
0519
0141
0008
0755
0519
0117
0232
0202
0095
0519
0009
0368
0374
0549
0748
0116
0519
0030
0456
0456
0513
0519
0060
0776
0519
0088
0456
0149
0456
0456
0456
0455
0685
0426
0141
0519
0519
0596
0093
0087
0147
0370
0064
0374
0458
0519
0519
0519
0540
0430
0113
0535
0059
0228
0519
0519
0171
0519
0141
0519
0091
0033
0312
0519
0535
0505
0519
0539
0141
0087
0430
0203
0776
0597
0429
0648
0648
0401
0430
0519
0458
0341
0518
0118
0519
0533
0546
0092
0143
0664
0605
0228
0089
0002
0519
0519
0257
0199
0198
0719
0143
0519
0519
0093
0038
0375
0519
0091
0455
0031
0002
0519
0031
0260
0483
0316
0148
0148
0142
0116
0721
0404
0431
0719
0540
0034
0483
0627
0519
0519
0142
0008
0397
0464
0174
0596
0119
0340
0030
0256
0230
0429
0008
0037
0492
0003
0175
0143
0519
0116
0118
0348
0519
0431
0519
0171
0147
0518
0519
0173
0008
0147
0176
0519
0634
0430
0519
0519
0463
0776
0402
0692
0692
0519
0141
0141
0663
0141
0113
0141
0141
0692
0519
0141
0346
0119
0692
0059
0519
0577
0029
0430
0064
0426
0519
0519
0519
0373
0003
0175
0519
0712
0748
0143
0091
0695
0429
0519
0030
0058
0148
0519
0542
0057
0429
0747
0484
0607
0547
0143
0519
0257
0340
0649
0519
0649
0375
0519
0147
0519
0059
0519
0114
0463
0513
0088
0057
0696
0696
0035
0513
0489
0148
0008
0519
0312
0574
0426
0723
0720
0697
0259
0572
0519
0340
0172
0030
0371
0091
0091
0519
0089
0519
0117
0428
0519
0486
0398
0091
0505
0519
0038
0803
0061
0454
0519
0519
0122
0030
0519
0519
0431
0568
0402
0519
0037
0120
0060
0519
0577
0519
0519
0089
0649
0120
0536
0346
0431
0346
0147
0346
0519
0519
0547
0175
0692
0519
0520
0519
0116
0115
0432
0773
0519
0065
0519
0148
0519
0519
0519
0519
0520
0148
0405
0406
0257
0519
0519
0405
0118
0405
0405
0405
0406
0406
0567
0539
0539
0143
0519
0519
0091
0455
0519
0519
0519
0541
0519
0036
0518
0664
0720
0457
0172
0513
0803
0776
0087
0430
0519
0147
0461
0089
0201
0519
0490
0519
0148
0519
0147
0346
0114
0690
0690
0519
0398
0519
0519
0455
0029
0480
0689
0087
0540
0519
0116
0659
0519
0171
0645
0519
0519
0519
0698
0032
0519
0148
0519
0114
0519
0427
0519
0228
0228
0720
0547
0519
0519
0143
0227
0256
0119
0147
0038
0538
0008
0519
0119
0712
0229
0514
0002
0147
0427
0175
0519
0120
0401
0519
0519
0455
0518
0033
0175
0484
0342
0689
0519
0343
0519
0694
0519
0429
0691
0228
0285
0401
0624
0088
0519
0519
0059
0519
0519
0064
0451
0519
0036
0516
0491
0369
0147
0548
0375
0032
0403
0519
0463
0660
0455
0369
0148
0543
0652
0548
0548
0548
0519
0120
0061
0519
0375
0521
0519
0482
0519
0576
0430
0513
0483
0662
0430
0519
0519
0119
0199
0596
0086
0458
0030
0177
0519
0172
0519
0457
0519
0519
0148
0519
0519
0519
0548
0519
0398
0425
0426
0398
0426
0519
0648
0547
0404
0462
0519
0121
0317
0571
0002
0546
0147
0341
0345
0147
0519
0429
0721
0518
0228
0435
0147
0519
0202
0519
0519
0519
0147
0435
0147
0011
0509
0093
0513
0541
0147
0519
0519
0455
0118
0519
0259
0147
0539
0519
0536
0539
0002
0147
0748
0519
0259
0004
0567
0539
0519
0452
0519
0596
0173
0519
0312
0519
0435
0118
0539
0120
0576
0519
0147
0519
0087
0662
0032
0663
0519
0602
0059
0519
0519
0776
0142
0519
0519
0519
0088
0088
0120
0435
0624
0511
0683
0519
0519
0519
0143
0429
0521
0003
0571
0519
0684
0401
0519
0519
0519
0256
0602
0174
0692
0549
0398
0519
0562
0340
0664
0519
0519
0519
0513
0173
0147
0065
0688
0093
0033
0120
0511
0519
0547
0540
0519
0511
0514
0511
0511
0635
0511
0511
0147
0377
0535
0519
0427
0147
0519
0513
0660
0176
0519
0746
0256
0519
0430
0462
0148
0114
0058
0117
0519
0519
0607
0519
0116
0147
0519
0547
0519
0095
0120
0519
0060
0455
0484
0086
0036
0177
0519
0519
0115
0147
0519
0741
0119
0203
0658
0519
0519
0720
0148
0623
0401
0519
0370
0513
0063
0511
0660
0035
0747
0519
0519
0148
0519
0003
0519
0664
0664
0513
0514
0118
0754
0341
0606
0519
0605
0143
0513
0519
0428
0148
0580
0519
0147
0148
0539
0458
0514
0004
0117
0058
0600
0058
0663
0031
0426
0058
0431
0058
0142
0290
0742
0089
0031
0519
0519
0259
0519
0519
0635
0096
0519
0430
0147
0031
0228
0692
0031
0544
0607
0519
0664
0664
0170
0121
0650
0519
0174
0650
0650
0170
0402
0519
0148
0147
0519
0456
0519
0535
0008
0519
0147
0428
0430
0170
0142
0170
0454
0170
0142
0170
0540
0142
0484
0519
0170
0170
0170
0170
0170
0170
0169
0398
0455
0519
0142
0142
0142
0142
0142
0142
0063
0456
0115
0170
0142
0170
0142
0170
0227
0227
0170
0171
0170
0142
0142
0170
0170
0170
0427
0170
0170
0519
0146
0058
0058
0059
0519
0142
0656
0687
0622
0489
0622
0038
0489
0519
0493
0519
0540
0664
0171
0519
0428
0037
0312
0428
0457
0428
0427
0428
0427
0399
0428
0519
0519
0519
0519
0512
0519
0519
0401
0544
0618
0635
0519
0599
0430
0622
0120
0317
0064
0122
0086
0658
0519
0519
0030
0340
0147
0148
0120
0519
0071
0120
0314
0491
0519
0519
0065
0519
0519
0772
0519
0519
0256
0519
0094
0004
0803
0519
0511
0519
0519
0519
0519
0286
0729
0199
0486
0039
0540
0729
0174
0341
0009
0576
0519
0519
0534
0402
0174
0533
0198
0519
0177
0803
0719
0427
0539
0519
0716
0519
0714
0590
0803
0803
0519
0519
0520
0520
0455
0402
0121
0033
0003
0519
0063
0402
0453
0519
0031
0519
0203
0537
0519
0064
0341
0519
0064
0148
0542
0227
0519
0122
0518
0807
0546
0147
0686
0513
0427
0429
0430
0519
0647
0427
0091
0147
0517
0089
0174
0519
0119
0031
0590
0062
0519
0519
0003
0519
0343
0175
0547
0519
0229
0171
0514
0620
0348
0518
0030
0092
0538
0513
0401
0547
0519
0455
0147
0519
0607
0535
0089
0650
0538
0122
0341
0203
0531
0519
0659
0619
0519
0519
0547
0430
0065
0519
0547
0757
0533
0519
0519
0397
0635
0519
0519
0064
0533
0519
0092
0726
0377
0037
0430
0485
0484
0484
0490
0541
0519
0256
0398
0369
0547
0519
0519
0568
0008
0519
0519
0376
0757
0147
0561
0536
0006
0116
0031
0455
0519
0519
0605
0649
0493
0534
0003
0403
0519
0541
0519
0003
0484
0456
0456
0519
0117
0484
0519
0176
0427
0483
0519
0143
0433
0540
0519
0428
0597
0665
0170
0148
0147
0519
0519
0595
0651
0533
0519
0174
0536
0256
0256
0518
0538
0170
0519
0486
0664
0519
0403
0088
0170
0606
0148
0519
0520
0088
0031
0340
0621
0092
0548
0519
0519
0547
0519
0519
0521
0030
0519
0519
0175
0002
0370
0507
0600
0547
0519
0578
0519
0429
0519
0063
0030
0519
0397
0312
0147
0547
0519
0230
0117
0402
0519
0547
0600
0518
0148
0519
0511
0091
0512
0119
0512
0341
0341
0536
0536
0514
0519
0453
0030
0747
0519
0340
0519
0030
0030
0001
0519
0147
0664
0519
0665
0118
0540
0601
0171
0589
0547
0147
0031
0512
0519
0652
0519
0538
0401
0002
0624
0624
0572
0030
0092
0519
0342
0148
0087
0370
0370
0039
0659
0174
0088
0519
0370
0369
0541
0091
0519
0572
0069
0519
0455
0622
0142
0144
0519
0256
0256
0512
0142
0519
0402
0037
0519
0059
0692
0547
0519
0520
0376
0571
0003
0312
0547
0035
0398
0489
0519
0539
0519
0519
0374
0340
0539
0519
0147
0489
0519
0122
0404
0489
0260
0511
0539
0539
0064
0377
0629
0649
0519
0198
0712
0199
0519
0231
0198
0062
0757
0519
0198
0199
0092
0519
0199
0400
0199
0483
0483
0624
0519
0519
0115
0147
0543
0462
0201
0519
0063
0002
0284
0432
0519
0519
0519
0115
0547
0314
0312
0342
0536
0462
0536
0519
0483
0464
0540
0604
0519
0288
0148
0201
0313
0519
0456
0284
0314
0631
0030
0463
0173
0087
0575
0030
0519
0088
0540
0456
0519
0374
0519
0635
0095
0544
0147
0519
0149
0455
0456
0400
0455
0519
0622
0543
0519
0718
0006
0428
0617
0539
0031
0031
0519
0317
0171
0227
0227
0567
0539
0480
0595
0520
0519
0657
0116
0519
0351
0398
0648
0607
0719
0519
0519
0691
0147
0542
0340
0519
0536
0650
0573
0533
0463
0374
0518
0429
0147
0758
0546
0061
0460
0518
0650
0429
0435
0434
0514
0174
0519
0340
0519
0148
0256
0519
0432
0091
0257
0061
0519
0664
0574
0318
0519
0374
0401
0519
0492
0519
0057
0574
0434
0406
0031
0171
0147
0340
0519
0432
0429
0519
0547
0147
0665
0204
0518
0519
0312
0519
0399
0399
0663
0691
0658
0463
0340
0519
0403
0519
0575
0116
0519
0007
0371
0519
0430
0546
0403
0430
0519
0519
0519
0539
0147
0547
0548
0228
0518
0519
0458
0648
0540
0607
0037
0568
0595
0519
0519
0121
0369
0621
0145
0519
0456
0518
0547
0519
0120
0512
0729
0061
0141
0519
0037
0519
0546
0547
0600
0257
0427
0518
0519
0170
0171
0170
0199
0199
0172
0171
0171
0228
0512
0649
0259
0143
0519
0539
0004
0534
0596
0546
0568
0538
0142
0114
0031
0568
0567
0533
0142
0682
0681
0345
0534
0534
0061
0519
0199
0566
0519
0489
0369
0519
0546
0518
0519
0377
0518
0064
0549
0561
0519
0518
0060
0031
0634
0036
0547
0578
0548
0519
0519
0489
0489
0518
0519
0577
0512
0458
0454
0548
0533
0576
0548
0540
0463
0432
0512
0547
0519
0541
0519
0116
0519
0511
0508
0513
0568
0601
0519
0402
0430
0589
0373
0772
0519
0118
0518
0428
0037
0519
0430
0340
0483
0547
0452
0547
0340
0547
0621
0455
0455
0506
0255
0484
0340
0057
0340
0402
0087
0120
0547
0091
0519
0373
0636
0519
0519
0377
0519
0143
0491
0312
0519
0543
0341
0030
0088
0312
0519
0544
0430
0147
0519
0519
0547
0519
0116
0091
0624
0547
0519
0463
0492
0519
0463
0535
0692
0091
0461
0547
0010
0463
0519
0720
0059
0720
0720
0009
0519
0429
0519
0511
0091
0548
0311
0520
0519
0519
0534
0519
0519
0513
0341
0198
0199
0199
0091
0518
0147
0199
0031
0426
0401
0513
0513
0546
0489
0757
0454
0402
0147
0170
0539
0540
0511
0540
0519
0519
0567
0120
0511
0033
0401
0429
0543
0514
0514
0519
0693
0459
0062
0174
0603
0519
0422
0117
0519
0543
0114
0143
0283
0483
0455
0091
0575
0624
0543
0204
0256
0256
0398
0086
0064
0544
0519
0519
0120
0519
0370
0340
0030
0341
0484
0312
0541
0544
0091
0176
0435
0091
0519
0313
0313
0771
0031
0649
0539
0692
0519
0623
0536
0519
0091
0146
0174
0147
0603
0519
0463
0063
0519
0546
0519
0547
0513
0547
0398
0114
0519
0547
0120
0340
0340
0574
0119
0091
0034
0535
0519
0091
0201
0202
0629
0116
0519
0091
0519
0519
0663
0663
0663
0036
0002
0519
0547
0518
0519
0519
0033
0519
0521
0091
0341
0120
0119
0519
0090
0571
0091
0091
0115
0340
0003
0697
0742
0091
0091
0091
0091
0091
0091
0091
0091
0091
0745
0569
0091
0465
0257
0091
0483
0519
0519
0091
0091
0091
0091
0091
0091
0091
0091
0092
0091
0091
0091
0091
0091
0091
0091
0091
0091
0091
0091
0120
0091
0091
0120
0092
0091
0120
0091
0091
0092
0091
0091
0120
0091
0091
0091
0091
0091
0091
0091
0120
0092
0091
0091
0091
0091
0091
0120
0091
0091
0120
0091
0091
0091
0091
0091
0120
0092
0061
0091
0091
0091
0091
0343
0539
0459
0519
0087
0147
0519
0065
0568
0340
0519
0519
0519
0228
0463
0030
0372
0518
0490
0147
0463
0089
0571
0512
0463
0517
0142
0088
0432
0147
0513
0462
0519
0519
0618
0519
0540
0663
0518
0519
0037
0038
0692
0464
0464
0519
0695
0546
0148
0452
0342
0481
0463
0541
0116
0519
0541
0541
0519
0541
0569
0541
0519
0571
0547
0058
0547
0260
0401
0505
0757
0519
0143
0757
0176
0757
0757
0120
0401
0091
0519
0462
0547
0435
0463
0663
0463
0435
0463
0435
0519
0463
0435
0435
0202
0257
0147
0431
0370
0519
0519
0341
0340
0002
0033
0369
0548
0519
0457
0541
0646
0519
0453
0035
0519
0481
0453
0519
0519
0536
0516
0092
0541
0541
0541
0513
0541
0541
0519
0346
0519
0518
0541
0114
0576
0346
0147
0491
0518
0663
0174
0548
0519
0147
0519
0346
0346
0549
0519
0370
0548
0548
0548
0548
0549
0577
0548
0520
0089
0230
0062
0650
0147
0745
0513
0649
0405
0651
0663
0519
0714
0313
0622
0228
0228
0228
0519
0622
0174
0229
0687
0146
0519
0172
0540
0651
0633
0458
0519
0599
0603
0519
0519
0574
0486
0147
0087
0314
0596
0312
0031
0519
0519
0662
0519
0114
0541
0340
0519
0595
0541
0008
0431
0519
0649
0519
0519
0007
0575
0516
0630
0623
0519
0519
0547
0401
0650
0118
0519
0119
0605
0519
0519
0201
0715
0546
0010
0650
0283
0313
0062
0573
0518
0519
0143
0519
0535
0549
0549
0519
0519
0340
0340
0522
0522
0519
0519
0727
0088
0519
0519
0463
0547
0519
0629
0546
0519
0340
0432
0635
0340
0519
0456
0148
0519
0003
0772
0033
0546
0548
0519
0519
0519
0116
0401
0519
0519
0116
0599
0519
0540
0519
0519
0540
0341
0519
0540
0519
0519
0662
0519
0519
0340
0483
0568
0518
0519
0114
0519
0340
0519
0142
0574
0483
0141
0569
0597
0541
0455
0483
0541
0142
0541
0373
0035
0541
0508
0514
0519
0603
0519
0146
0174
0174
0175
0519
0541
0519
0541
0541
0519
0519
0518
0606
0569
0541
0541
0291
0030
0519
0067
0519
0541
0519
0547
0541
0542
0513
0541
0519
0513
0519
0713
0569
0541
0541
0519
0541
0513
0541
0541
0512
0312
0519
0542
0513
0513
0513
0513
0541
0541
0541
0513
0513
0541
0541
0541
0513
0513
0541
0541
0541
0513
0541
0541
0541
0513
0541
0541
0541
0542
0541
0541
0513
0541
0541
0541
0513
0541
0513
0541
0570
0541
0541
0513
0541
0513
0570
0541
0513
0541
0541
0513
0513
0541
0513
0541
0513
0513
0513
0513
0513
0519
0513
0455
0547
0009
0519
0519
0650
0519
0519
0122
0519
0713
0088
0007
0459
0596
0541
0340
0519
0519
0519
0431
0519
0037
0519
0519
0519
0547
0340
0547
0463
0519
0547
0456
0656
0519
0512
0519
0340
0542
0519
0720
0010
0546
0373
0147
0534
0745
0549
0519
0519
0399
0538
0575
0064
0519
0743
0259
0519
0519
0120
0514
0519
0484
0519
0461
0030
0514
0776
0519
0067
0519
0428
0176
0428
0519
0428
0428
0428
0428
0427
0428
0428
0313
0312
0519
0428
0428
0427
0116
0115
0428
0427
0427
0427
0428
0519
0313
0342
0345
0430
0519
0429
0519
0340
0482
0512
0318
0316
0519
0519
0316
0348
0287
0456
0120
0339
0345
0342
0519
0519
0491
0428
0340
0435
0171
0174
0622
0377
0377
0519
0372
0230
0117
0339
0519
0317
0230
0342
0402
0775
0029
0116
0546
0576
0664
0117
0664
0664
0518
0513
0663
0120
0170
0171
0175
0426
0519
0572
0519
0463
0341
0519
0370
0117
0519
0455
0039
0548
0147
0116
0516
0539
0204
0031
0617
0624
0340
0312
0201
0519
0519
0539
0202
0030
0030
0313
0175
0635
0635
0430
0513
0067
0429
0519
0562
0519
0147
0147
0483
0003
0430
0430
0426
0519
0341
0518
0285
0430
0519
0519
0402
0146
0341
0009
0348
0032
0341
0032
0513
0402
0341
0519
0340
0372
0573
0505
0519
0091
0572
0692
0431
0147
0058
0009
0650
0621
0173
0009
0547
0520
0347
0036
0541
0116
0120
0203
0511
0511
0405
0115
0519
0199
0199
0519
0484
0483
0513
0093
0519
0030
0519
0199
0202
0519
0519
0002
0535
0119
0577
0147
0519
0519
0519
0578
0645
0002
0115
0088
0519
0519
0091
0520
0402
0727
0803
0089
0116
0727
0518
0340
0147
0726
0065
0175
0519
0481
0572
0088
0340
0227
0059
0029
0057
0058
0518
0659
0170
0340
0489
0603
0458
0030
0519
0146
0521
0518
0037
0002
0519
0518
0547
0539
0059
0059
0534
0514
0088
0519
0606
0002
0091
0257
0116
0350
0036
0007
0176
0030
0426
0547
0513
0031
0176
0312
0312
0312
0402
0518
0401
0116
0518
0519
0119
0687
0147
0284
0227
0540
0147
0312
0147
0430
0117
0519
0256
0313
0461
0313
0519
0743
0657
0519
0145
0092
0147
0722
0174
0227
0723
0750
0722
0723
0171
0542
0519
0519
0518
0456
0455
0519
0513
0059
0176
0035
0003
0519
0009
0342
0539
0483
0547
0340
0576
0519
0148
0576
0576
0519
0453
0519
0624
0430
0547
0548
0546
0091
0623
0120
0091
0091
0457
0512
0032
0008
0375
0603
0344
0619
0519
0727
0147
0428
0147
0548
0120
0088
0536
0519
0536
0455
0115
0519
0519
0661
0002
0518
0519
0519
0548
0031
0519
0721
0203
0340
0519
0520
0519
0483
0602
0035
0066
0091
0202
0546
0699
0519
0400
0406
0406
0519
0519
0577
0577
0406
0519
0519
0533
0519
0533
0533
0121
0519
0095
0537
0029
0092
0171
0142
0147
0170
0572
0313
0482
0519
0518
0519
0649
0519
0513
0513
0513
0519
0519
0175
0519
0087
0621
0518
0173
0175
0175
0518
0518
0519
0085
0148
0519
0175
0657
0519
0568
0568
0143
0519
0546
0087
0544
0514
0513
0093
0147
0058
0544
0120
0120
0519
0543
0686
0170
0372
0006
0574
0519
0519
0568
0519
0519
0519
0402
0513
0513
0514
0513
0203
0455
0029
0485
0203
0203
0203
0202
0204
0203
0519
0519
0542
0519
0232
0204
0203
0203
0203
0231
0231
0519
0340
0341
0481
0340
0341
0175
0520
0088
0454
0481
0063
0430
0008
0519
0009
0518
0514
0542
0518
0202
0064
0200
0148
0519
0519
0174
0603
0148
0519
0549
0121
0088
0546
0519
0008
0515
0519
0518
0519
0567
0602
0544
0540
0312
0720
0519
0119
0519
0147
0010
0696
0400
0147
0575
0696
0519
0572
0561
0533
0534
0534
0534
0534
0119
0402
0720
0720
0063
0175
0456
0659
0519
0232
0519
0519
0687
0514
0542
0116
0519
0147
0065
0519
0312
0121
0519
0118
0519
0454
0030
0090
0370
0399
0427
0430
0030
0519
0431
0147
0373
0402
0119
0118
0542
0541
0513
0541
0541
0513
0148
0519
0228
0540
0513
0033
0490
0313
0118
0460
0178
0686
0147
0114
0519
0064
0376
0147
0430
0229
0519
0147
0284
0313
0491
0519
0401
0009
0513
0173
0147
0513
0520
0120
0519
0519
0624
0519
0513
0059
0484
0519
0199
0199
0174
0199
0119
0519
0342
0541
0370
0430
0090
0199
0519
0519
0534
0664
0568
0199
0624
0624
0546
0630
0032
0288
0519
0519
0422
0147
0002
0095
0313
0519
0398
0484
0519
0401
0549
0519
0519
0010
0519
0147
0519
0519
0426
0059
0063
0513
0519
0519
0541
0144
0340
0147
0676
0519
0147
0519
0519
0059
0603
0342
0318
0720
0401
0519
0578
0512
0656
0346
0519
0429
0483
0519
0511
0512
0519
0263
0512
0340
0060
0519
0519
0370
0313
0313
0511
0549
0373
0596
0664
0143
0577
0426
0713
0650
0518
0064
0519
0120
0519
0513
0030
0424
0118
0147
0521
0203
0518
0519
0742
0063
0393
0519
0519
0540
0511
0519
0519
0340
0519
0452
0519
0457
0030
0142
0142
0369
0312
0516
0373
0029
0489
0546
0034
0519
0519
0119
0118
0228
0776
0540
0519
0624
0010
0038
0228
0519
0519
0033
0546
0033
0519
0546
0035
0061
0519
0061
0340
0147
0519
0010
0629
0037
0519
0519
0171
0142
0561
0506
0576
0577
0519
0519
0030
0227
0519
0518
0117
0369
0519
0519
0519
0232
0458
0519
0147
0519
0062
0001
0007
0401
0519
0573
0317
0519
0539
0035
0284
0519
0231
0519
0519
0519
0519
0507
0037
0061
0003
0543
0770
0512
0519
0770
0770
0742
0519
0519
0519
0519
0147
0519
0802
0477
0605
0533
0512
0429
0548
0539
0149
0548
0519
0341
0227
0031
0232
0519
0519
0538
0094
0519
0519
0148
0256
0458
0513
0548
0519
0519
0088
0519
0511
0147
0426
0313
0059
0452
0519
0519
0406
0519
0576
0518
0657
0313
0313
0519
0606
0340
0607
0519
0147
0519
0341
0147
0319
0511
0116
0147
0541
0519
0519
0370
0519
0118
0090
0369
0090
0519
0536
0482
0519
0519
0377
0147
0227
0519
0519
0519
0401
0519
0519
0008
0342
0117
0511
0176
0489
0341
0371
0636
0539
0400
0340
0519
0513
0063
0519
0519
0312
0519
0634
0147
0519
0119
0483
0341
0146
0519
0341
0519
0519
0340
0576
0341
0147
0092
0519
0148
0546
0519
0518
0541
0513
0541
0513
0513
0541
0513
0513
0541
0541
0541
0513
0601
0600
0491
0030
0313
0369
0482
0401
0430
0571
0093
0316
0481
0340
0087
0089
0519
0009
0258
0519
0031
0519
0546
0089
0519
0290
0430
0540
0401
0146
0114
0114
0341
0148
0513
0541
0008
0541
0065
0519
0519
0030
0147
0519
0519
0115
0313
0513
0519
0519
0542
0519
0148
0370
0519
0340
0479
0285
0519
0519
0313
0313
0313
0313
0313
0313
0490
0030
0659
0542
0569
0519
0519
0625
0486
0695
0229
0511
0576
0519
0519
0720
0402
0005
0341
0519
0544
0519
0116
0147
0369
0147
0519
0518
0371
0119
0312
0567
0369
0370
0370
0370
0568
0567
0519
0567
0115
0116
0519
0340
0341
0147
0519
0519
0118
0342
0341
0514
0341
0402
0257
0313
0519
0402
0314
0572
0378
0378
0405
0519
0341
0519
0519
0461
0519
0519
0519
0283
0173
0341
0283
0511
0596
0548
0519
0519
0665
0090
0285
0312
0517
0147
0519
0519
0003
0519
0255
0519
0519
0545
0519
0489
0341
0008
0312
0313
0549
0116
0371
0377
0665
0312
0285
0341
0313
0313
0007
0451
0573
0370
0173
0342
0342
0519
0342
0313
0341
0341
0340
0341
0519
0313
0341
0370
0341
0341
0341
0341
0313
0370
0342
0313
0314
0313
0312
0370
0312
0370
0343
0313
0341
0341
0313
0341
0314
0089
0312
0343
0341
0312
0311
0341
0312
0341
0370
0313
0342
0340
0341
0341
0341
0313
0341
0341
0342
0341
0312
0369
0370
0342
0341
0341
0313
0369
0313
0313
0313
0313
0313
0313
0313
0313
0341
0369
0284
0341
0313
0313
0451
0341
0312
0370
0313
0313
0313
0370
0342
0285
0313
0314
0342
0313
0313
0285
0090
0059
0519
0430
0432
0519
0121
0539
0519
0519
0573
0519
0066
0519
0651
0519
0117
0519
0403
0519
0547
0430
0401
0319
0519
0491
0606
0519
0519
0602
0519
0533
0533
0546
0519
0536
0093
0030
0535
0519
0563
0147
0458
0227
0567
0518
0430
0033
0519
0606
0606
0491
0147
0147
0483
0519
0802
0803
0489
0402
0148
0721
0546
0596
0037
0519
0255
0227
0255
0519
0228
0535
0256
0712
0519
0519
0519
0519
0519
0491
0147
0519
0318
0519
0568
0511
0539
0122
0088
0461
0147
0519
0002
0030
0743
0119
0147
0149
0519
0519
0492
0519
0540
0142
0119
0519
0519
0344
0118
0520
0540
0519
0147
0314
0623
0519
0519
0622
0057
0519
0341
0002
0174
0577
0519
0481
0064
0341
0743
0114
0519
0717
0146
0519
0651
0064
0369
0741
0519
0519
0007
0519
0600
0599
0519
0455
0398
0147
0519
0520
0519
0378
0484
0519
0519
0727
0659
0664
0519
0423
0147
0147
0538
0538
0515
0547
0457
0343
0518
0519
0030
0542
0542
0515
0542
0542
0542
0542
0574
0030
0511
0512
0568
0519
0519
0721
0548
0117
0371
0519
0148
0456
0519
0115
0114
0142
0142
0142
0142
0539
0519
0484
0170
0170
0142
0142
0142
0546
0519
0345
0484
0520
0342
0519
0147
0174
0376
0483
0635
0435
0318
0519
0548
0370
0546
0147
0538
0538
0455
