0689
0689
0774
0195
1009
0840
0494
0424
0689
0106
0325
0133
0682
0522
0689
0559
0651
0169
0259
0648
0324
0689
0689
0100
0011
0423
0422
0168
0394
0689
0689
0689
0460
0553
1025
0325
0357
0325
0325
0357
0325
0752
0689
0325
0325
0325
0714
0495
0132
0357
0689
0689
0325
0325
0325
0739
0689
0585
0840
0195
0689
0623
0880
0753
0165
0168
0689
0689
0494
0494
0689
0690
0228
0855
0453
0002
0750
0947
0200
0551
0455
0744
0042
0201
0099
0689
0689
0132
0750
0689
0324
0715
0715
0715
0715
0715
0715
0689
0137
0200
0263
0200
0326
0721
0689
0228
0533
0163
0518
0822
0689
0263
0715
0583
0840
0689
0260
0228
0227
0358
0226
0853
0356
0689
0624
0325
0325
0325
0522
0260
0687
0169
0259
0259
0325
0325
0357
0292
0721
0003
0689
0101
0201
0325
0689
0689
0291
0228
0228
0617
0689
0042
0821
0324
0689
0137
0291
0291
0324
0689
0721
0325
0134
0689
0689
0324
0325
0325
0325
0721
0324
0721
0292
0689
0721
0291
0291
0227
0195
0292
0259
0689
0325
0195
0235
0194
0194
0292
0259
0259
0291
0820
0688
0227
0292
0008
0258
0325
0324
0324
0194
0324
0259
0259
0292
0132
0291
0259
0260
0259
0227
0259
0259
0259
0260
0259
0324
0259
0324
0324
0260
0292
0324
0324
0324
0324
0324
0689
0324
0324
0324
0324
0324
0195
0292
0291
0259
0291
0259
0227
0227
0259
0260
0260
0261
0201
0324
0292
0228
0324
0835
0259
0259
0260
0260
0291
0260
0259
0292
0260
0291
0292
0292
0259
0292
0292
0292
0292
0200
0168
0200
0721
0714
0715
0137
0039
0689
0714
0820
0749
0721
0485
0721
0689
0069
0622
0689
0744
0494
0689
0689
0689
0195
0196
0706
0689
0689
0003
0689
0497
0854
1040
0689
0689
0689
0201
0742
0689
0067
0390
0689
0583
0715
0869
0651
0594
0643
0460
0689
0885
0165
0326
0689
0682
0067
0357
0706
0102
0164
0617
0721
0820
0108
0106
0689
0689
0532
0533
0820
0820
0820
0788
0166
0778
0324
0820
0820
0820
0820
0788
0820
0788
0820
0820
0820
0820
0820
0788
0820
0788
0788
0820
0788
0227
0164
0721
0707
0689
0689
0689
0134
0753
0745
0133
0689
0068
0105
0099
0688
0689
0655
0524
0743
0689
0689
0808
0523
0170
0721
0533
0689
0203
0689
0532
0649
0556
0227
0260
0228
0689
0689
0626
0946
0689
0777
0777
0689
0689
0454
0709
0689
0108
0067
0134
0712
0689
0101
0689
0776
0744
0689
0721
0689
0201
0913
0714
0043
0357
0168
0100
0065
0583
0194
0105
0625
0200
0979
0689
0689
0689
0099
0838
0165
0689
0689
0723
0689
0619
0689
0201
0233
0689
0689
0737
0689
0099
0755
0689
0689
0689
0008
0361
0787
0689
0583
0459
0555
0689
0689
0103
0168
0689
0737
0737
0226
0689
0839
0584
0787
0787
0787
0074
0689
0328
0068
0689
0778
0106
0201
0101
0328
0689
0648
0264
0624
0166
0883
0233
0689
0170
0564
0035
0689
0201
0809
0073
0845
0101
0616
0689
0200
0689
0920
0688
0689
0200
0328
0068
1074
0689
0689
0587
0328
0328
0753
0328
0328
0328
0328
0200
0588
0689
0689
0166
0584
1078
0357
0690
0744
0744
0649
0043
0689
0616
0689
1078
0689
0689
1078
0867
0453
0522
0520
0689
0914
0036
0201
0952
0099
0136
0689
0295
0263
0923
0953
0295
0689
0532
0034
0034
0034
0034
0488
0200
0005
1078
1078
0689
0689
0518
0200
0041
0689
0689
0808
0170
0689
0233
0689
0453
0689
0139
0532
0557
0962
0390
0753
0226
0003
0560
0689
0689
0753
0689
0491
0458
0201
0914
0200
0200
0532
0677
0689
0685
0532
0035
0689
0689
0648
0689
0328
0689
0328
0532
0683
0328
0689
0689
0532
0166
0166
0166
0166
0532
0782
0913
0689
0689
0133
0615
0913
0165
0594
0649
0692
0389
0297
0043
1008
0689
0914
0073
0294
1045
0855
0741
0887
0692
0007
0718
0977
0884
0689
0753
0689
0680
0689
0067
0742
0689
0689
0166
0689
0041
0521
0689
0683
0778
0689
0460
0460
0460
0003
0554
0720
0689
0689
0042
0649
0617
0485
0689
0131
0689
0689
0689
0421
0689
0137
0714
0485
0821
0100
0689
0168
0689
0689
0659
0556
0689
0689
0292
0689
0584
0165
0194
0226
0328
0689
0523
0454
0200
0868
0133
0003
0167
0583
0689
0615
0689
0689
0737
0522
0689
0750
0689
0169
0616
0616
0975
0713
0721
0689
0258
0003
0689
0821
0692
0139
0421
0131
0689
0689
0003
0198
1017
0523
0689
0200
0555
0711
1008
0617
0233
0649
0105
0617
0977
0103
0711
0200
0888
0616
0690
0689
0165
0227
0689
0108
0194
0689
0750
0959
1011
0071
0359
0855
0074
0361
0714
0583
0195
0260
0788
0201
0952
0523
0689
0648
0193
0428
0011
0689
0193
0983
0840
0137
0689
0689
0165
0105
0689
0453
0943
0194
0395
0778
0723
0689
0036
0390
0840
0717
0067
0689
0101
0689
0744
1021
0009
0625
0689
0691
0689
0714
0556
0689
0163
0855
0200
0689
0721
0043
0195
0523
0687
0427
0231
0073
0171
0689
0689
0193
0624
0689
0168
0648
0689
0738
0738
0738
0169
0133
0713
0739
0066
0870
0167
0193
0194
0689
0201
0488
0854
0200
0870
0136
0555
0689
0066
0689
0689
0139
0689
0744
0326
0073
0388
0593
0617
0617
0680
0325
0228
0689
0393
0167
0689
0783
0711
0744
0721
0689
0042
0132
0193
0193
0003
0193
0689
0193
0009
1023
0689
0134
0297
0295
0140
0689
0042
0485
0523
0755
0984
0164
0689
0067
0617
0617
0714
0689
0069
1047
0689
0100
0617
0170
0617
0617
0617
0617
0911
0583
0193
0689
0689
0777
0138
0132
0168
0487
0073
0492
0619
0689
0689
0689
0713
0588
0129
0739
0068
0324
0689
0689
0228
0689
0193
0689
0105
0069
0421
0689
0739
0706
0689
0712
0193
0131
0588
0264
1015
0810
0554
0869
0869
0523
0588
0689
0587
0453
0688
0135
0721
0705
0721
0137
0195
0887
0820
0324
0134
0002
0689
0689
0358
0259
0259
0982
0196
0689
0689
0138
0043
0492
0689
0137
0616
0035
0003
0689
0035
0361
0648
0425
0201
0201
0194
0132
0952
0525
0557
0950
0714
0039
0648
0812
0689
0689
0194
0009
0518
0594
0231
0778
0168
0453
0035
0357
0295
0555
0041
0043
0659
0003
0232
0195
0689
0165
0135
0494
0689
0589
0689
0227
0200
0689
0689
0230
0010
0201
0233
0689
0821
0556
0689
0689
0593
1015
0556
0919
0919
0689
0193
0193
0887
0193
0161
0193
0193
0919
0689
0193
0459
0168
0919
0099
0689
0787
0033
0556
0073
0583
0689
0689
0689
0523
0004
0232
0689
0942
0983
0196
0137
0955
0554
0689
0067
0067
0201
0689
0716
0065
0554
0982
0617
0822
0721
0196
0689
0358
0453
0838
0689
0838
0524
0689
0200
0689
0099
0689
0163
0626
0715
0132
0097
0924
0924
0040
0683
0655
0201
0009
0689
0421
0753
0551
0955
0951
0957
0328
0750
0689
0453
0229
0035
0520
0136
0136
0689
0134
0689
0165
0585
0689
0619
0550
0136
0673
0689
0075
1078
0070
0615
0689
0689
0139
0067
0689
0689
0557
0745
0523
0689
0075
0169
0069
0689
0755
0689
0689
0102
0870
0169
0709
0460
0588
0460
0200
0460
0689
0689
0721
0232
0919
0689
0690
0689
0164
0164
0558
1044
0689
0106
0689
0201
0689
0689
0689
0689
0691
0201
0559
0560
0358
0689
0689
0560
0167
0560
0560
0560
0560
0560
0744
0744
0744
0196
0689
0689
0136
0616
0689
0689
0689
0715
0689
0073
0689
0888
0984
0618
0228
0683
1046
1015
0100
0556
0689
0168
0591
0102
0262
0689
0656
0689
0201
0689
0200
0459
0162
0917
0917
0689
0519
0689
0689
0616
0065
0645
0915
0099
0713
0689
0132
0882
0689
0227
0865
0689
0689
0689
0959
0068
0689
0201
0689
0163
0689
0584
0689
0324
0324
0952
0721
0689
0689
0196
0324
0324
0168
0201
0043
0711
0010
0689
0136
0942
0294
0683
0002
0201
0584
0265
0689
0169
0522
0689
0689
0617
0689
0070
0232
0617
0455
0915
0689
0456
0689
0921
0689
0587
0918
0292
0390
0523
0809
0133
0689
0689
0100
0689
0689
0073
0612
0689
0042
0718
0657
0486
0200
0723
0524
0037
0524
0689
0594
0882
0616
0486
0201
0717
0873
0723
0723
0723
0689
0169
0102
0689
0524
0691
0689
0647
0689
0787
0588
0682
0616
0853
0555
0689
0689
0168
0260
0777
0131
0620
0066
0234
0689
0228
0689
0618
0689
0689
0201
0689
0689
0689
0723
0689
0551
0550
0551
0550
0551
0689
0868
0721
0526
0624
0689
0139
0427
0781
0002
0721
0200
0453
0458
0200
0722
0587
0952
0688
0293
0562
0200
0689
0263
0689
0689
0689
0200
0594
0200
0013
0710
0106
0714
0714
0200
0689
0689
0616
0167
0689
0360
0200
0744
0689
0709
0744
0035
0200
0983
0689
0360
0004
0744
0744
0689
0612
0689
0810
0262
0689
0421
0689
0593
0167
0712
0138
0755
0689
0168
0689
0100
0885
0036
0854
0689
0817
0100
0689
0689
1047
0194
0689
0689
0689
0101
0133
0169
0561
0809
0681
0909
0689
0689
0689
0163
0555
0691
0003
0781
0689
0942
0523
0689
0689
0689
0357
0816
0231
0919
0724
0519
0689
0770
0453
0887
0689
0689
0689
0682
0230
0200
0074
0915
0138
0037
0169
0680
0689
0721
0745
0689
0680
0715
0680
0713
0855
0680
0680
0200
0527
0707
0689
0553
0200
0689
0682
0883
0233
0689
1012
0357
0689
0588
0624
0201
0163
0067
0165
0689
0689
0790
0689
0164
0201
0689
0722
0689
0109
0138
0689
0100
0616
0650
0131
0074
0234
0689
0689
0164
0200
0689
0975
0168
0264
0880
0689
0689
0983
0201
0840
0555
0689
0486
0683
0105
0680
0882
0040
0982
0689
0689
0201
0689
0003
0689
0887
0887
0683
0683
0167
0990
0453
0821
0689
0820
0195
0683
0689
0553
0201
0791
0689
0200
0201
0744
0587
0715
0004
0134
0098
0782
0098
0886
0035
0551
0098
0556
0098
0195
0395
0976
0101
0067
0689
0689
0329
0689
0689
0855
0141
0689
0587
0201
0036
0292
0919
0035
0750
0822
0689
0887
0887
0227
0139
0870
0689
0231
0870
0870
0258
0556
0690
0201
0201
0689
0585
0689
0708
0010
0689
0201
0553
0587
0226
0162
0226
0583
0226
0194
0226
0713
0195
0649
0689
0227
0226
0227
0226
0226
0226
0225
0551
0584
0689
0194
0195
0195
0195
0195
0195
0072
0617
0131
0226
0195
0227
0195
0226
0324
0324
0227
0227
0227
0195
0195
0227
0227
0227
0584
0226
0227
0689
0199
0067
0067
0067
0689
0194
0846
0914
0838
0655
0838
0043
0655
0689
0659
0689
0713
0887
0227
0689
0553
0075
0421
0585
0586
0553
0553
0553
0553
0553
0553
0689
0689
0689
0689
0681
0689
0689
0522
0718
0834
0855
0689
0781
0556
0839
0169
0426
0105
0172
0099
0880
0689
0689
0067
0453
0200
0201
0169
0721
0113
0169
0423
0658
0689
0689
0075
0689
0689
1010
0689
0689
0325
0689
0107
0004
1078
0689
0712
0689
0689
0689
0689
0391
0993
0291
0651
0045
0714
0961
0231
0486
0042
0787
0689
0689
0706
0524
0231
0705
0259
0689
0234
1078
0950
0584
0744
0689
0946
0689
0944
0770
1078
1078
0689
0689
0690
0690
0616
0555
0171
0038
0003
0689
0072
0523
0614
0689
0036
0689
0264
0709
0689
0073
0454
0689
0073
0201
0716
0292
0689
0172
0721
1082
0721
0200
0912
0683
0584
0555
0587
0721
0836
0584
0104
0200
0687
0133
0231
0689
0137
0036
0802
0102
0689
0689
0004
0689
0488
0233
0722
0689
0294
0227
0716
0836
0461
0689
0035
0105
0710
0714
0522
0721
0689
0584
0200
0689
0790
0708
0134
0871
0711
0171
0454
0264
0704
0689
0882
0836
0689
0689
0722
0556
0106
0689
0721
0993
0706
0689
0690
0518
0854
0689
0689
0105
0737
0689
0138
0959
0495
0074
0587
0650
0649
0649
0656
0715
0721
0325
0519
0518
0721
0689
0689
0778
0041
0689
0689
0494
0993
0200
0769
0709
0007
0132
0067
0616
0689
0721
0819
0870
0660
0706
0003
0524
0689
0715
0689
0003
0649
0617
0617
0689
0166
0649
0689
0233
0584
0649
0689
0195
0559
0713
0689
0585
0779
0888
0226
0201
0201
0689
0689
0809
0872
0705
0689
0231
0709
0357
0357
0688
0711
0226
0689
0619
0887
0689
0556
0101
0227
0821
0201
0689
0691
0101
0035
0453
0806
0138
0722
0689
0689
0722
0689
0689
0691
0034
0689
0689
0232
0003
0487
0707
0782
0721
0689
0789
0689
0554
0689
0104
0035
0689
0550
0421
0169
0722
0689
0295
0165
0524
0689
0721
0782
0689
0201
0689
0680
0105
0681
0168
0714
0453
0454
0709
0708
0684
0722
0581
0035
0982
0689
0452
0689
0035
0035
0002
0689
0200
0887
0689
0856
0167
0714
0815
0228
0801
0722
0200
0035
0714
0689
0873
0689
0711
0523
0035
0841
0841
0782
0066
0105
0689
0455
0201
0131
0487
0486
0077
0881
0231
0133
0721
0486
0486
0714
0136
0689
0750
0079
0689
0616
0839
0194
0196
0689
0357
0356
0681
0195
0689
0523
0042
0689
0100
0920
0721
0689
0691
0494
0749
0036
0421
0721
0040
0550
0655
0689
0712
0689
0689
0524
0453
0712
0689
0201
0655
0689
0171
0525
0655
0361
0712
0712
0712
0105
0495
0847
0869
0689
0259
0974
0291
0689
0296
0258
0103
1025
0689
0259
0259
0106
0689
0259
0521
0259
0616
0648
0809
0721
0689
0163
0200
0717
0624
0261
0689
0072
0003
0388
0558
0689
0689
0689
0164
0721
0422
0421
0455
0709
0624
0709
0689
0648
0594
0713
0818
0690
0361
0201
0262
0421
0689
0617
0388
0423
0850
0034
0593
0230
0132
0754
0066
0689
0101
0714
0617
0689
0492
0689
0854
0141
0718
0200
0689
0203
0617
0618
0553
0617
0689
0839
0717
0689
0949
0007
0585
0833
0712
0035
0036
0689
0427
0227
0292
0292
0744
0744
0613
0808
0691
0689
0879
0164
0689
0465
0551
0869
0822
0950
0722
0689
0918
0201
0715
0453
0689
0708
0871
0751
0705
0593
0492
0689
0587
0200
1026
0721
0069
0622
0688
0871
0555
0561
0592
0683
0231
0689
0453
0689
0201
0324
0689
0590
0104
0326
0070
0689
0855
0753
0428
0689
0524
0555
0689
0658
0689
0065
0752
0560
0560
0035
0228
0201
0453
0689
0558
0587
0689
0722
0200
0888
0265
0689
0689
0420
0689
0520
0520
0886
0950
0880
0593
0453
0689
0556
0689
0754
0165
0689
0009
0520
0689
0556
0721
0556
0556
0689
0721
0721
0712
0200
0722
0722
0293
0689
0689
0587
0868
0713
0790
0074
0777
0808
0689
0721
0139
0486
0838
0198
0689
0617
0689
0721
0689
0169
0682
0993
0101
0193
0689
0074
0689
0721
0721
0814
0326
0585
0689
0689
0226
0227
0227
0291
0260
0228
0259
0259
0292
0681
0838
0360
0164
0689
0744
0004
0706
0809
0721
0745
0711
0195
0162
0036
0777
0777
0705
0194
0907
0907
0458
0706
0706
0070
0721
0259
0743
0689
0656
0485
0689
0720
0689
0689
0495
0689
0073
0723
0769
0689
0688
0101
0035
0821
0073
0721
0757
0755
0689
0689
0655
0656
0720
0689
0755
0681
0588
0615
0722
0705
0755
0755
0714
0593
0590
0682
0721
0721
0715
0689
0164
0689
0680
0677
0682
0745
0816
0690
0524
0555
0770
0491
1042
0689
0135
0689
0585
0042
0722
0587
0453
0649
0721
0613
0722
0453
0721
0838
0616
0616
0674
0323
0617
0453
0065
0453
0524
0131
0137
0722
0104
0689
0490
0856
0721
0689
0527
0689
0195
0657
0421
0689
0749
0453
0034
0133
0388
0689
0750
0555
0200
0689
0689
0721
0689
0165
0136
0810
0721
0689
0626
0659
0689
0625
0707
0952
0136
0624
0754
0012
0594
0689
0952
0067
0951
0951
0010
0689
0555
0689
0680
0136
0723
0419
0690
0721
0721
0738
0689
0689
0683
0454
0259
0259
0259
0136
0689
0200
0259
0035
0583
0554
0714
0714
0721
0655
1025
0615
0555
0200
0258
0713
0713
0680
0713
0689
0689
0777
0170
0712
0038
0555
0555
0716
0684
0684
0689
0920
0621
0103
0231
0818
0721
0547
0166
0689
0717
0162
0195
0387
0648
0616
0136
0754
0809
0717
0266
0324
0324
0551
0130
0074
0718
0722
0689
0170
0689
0487
0453
0034
0486
0649
0389
0714
0750
0137
0266
0561
0137
0689
0422
0421
1041
0068
0870
0713
0919
0689
0840
0708
0689
0136
0199
0231
0200
0786
0689
0625
0104
0689
0720
0689
0721
0715
0721
0519
0162
0689
0721
0137
0453
0452
0752
0169
0136
0038
0708
0689
0136
0294
0295
0815
0165
0689
0104
0689
0689
0887
0887
0887
0041
0002
0689
0722
0721
0689
0689
0037
0689
0723
0104
0453
0169
0136
0689
0134
0748
0136
0136
0164
0453
0004
0925
1009
0104
0136
0104
0136
0104
0104
0137
0104
0136
1011
0746
0104
0627
0357
0104
0649
0689
0689
0136
0104
0136
0137
0136
0136
0136
0136
0137
0136
0136
0104
0136
0136
0136
0104
0104
0136
0136
0104
0137
0104
0136
0137
0137
0136
0137
0104
0136
0137
0136
0136
0137
0104
0104
0136
0136
0104
0136
0137
0137
0137
0136
0136
0136
0136
0104
0169
0104
0136
0169
0136
0104
0136
0137
0137
0169
0137
0101
0136
0136
0136
0136
0456
0712
0588
0689
0132
0200
0689
0107
0745
0452
0721
0689
0689
0324
0625
0034
0489
0688
0657
0200
0593
0134
0748
0681
0593
0687
0195
0101
0590
0200
0682
0624
0689
0721
0834
0689
0713
0887
0689
0722
0074
0075
0919
0594
0594
0689
0923
0721
0169
0612
0455
0646
0593
0714
0165
0721
0746
0714
0689
0746
0746
0746
0689
0749
0754
0067
0721
0361
0523
0705
1025
0689
0195
1025
0233
1026
1025
0169
0522
0136
0689
0624
0722
0593
0593
0887
0593
0593
0593
0593
0690
0593
0593
0593
0295
0358
0200
0589
0486
0689
0721
0453
0453
0003
0070
0486
0723
0689
0619
0714
0866
0689
0614
0072
0689
0646
0614
0689
0721
0709
0686
0105
0714
0714
0714
0714
0714
0714
0721
0460
0689
0689
0714
0163
0755
0459
0200
0657
0721
0886
0231
0755
0689
0200
0689
0460
0459
0755
0689
0486
0723
0723
0723
0755
0723
0788
0723
0690
0134
0327
0071
0871
0200
1011
0682
0870
0527
0872
0887
0689
0945
0421
0839
0324
0325
0325
0689
0839
0231
0294
0946
0199
0721
0229
0745
0872
0820
0588
0689
0781
0817
0689
0689
0752
0620
0200
0099
0423
0809
0421
0035
0721
0689
0885
0721
0131
0746
0453
0690
0776
0714
0009
0588
0689
0870
0689
0689
0008
0754
0686
0816
0841
0689
0689
0722
0554
0871
0167
0689
0168
0820
0721
0689
0262
0945
0720
0011
0871
0387
0422
0103
0751
0688
0721
0195
0689
0707
0724
0724
0689
0689
0452
0453
0693
0692
0689
0689
0959
0133
0689
0689
0626
0721
0689
0815
0721
0689
0453
0590
0854
0453
0689
0617
0201
0689
0035
1011
0037
0721
0755
0689
0690
0689
0165
0555
0689
0689
0132
0781
0689
0713
0722
0689
0714
0454
0689
0714
0721
0689
0853
0690
0690
0453
0649
0745
0688
0689
0162
0721
0452
0689
0162
0784
0648
0193
0747
0811
0746
0585
0617
0715
0195
0714
0522
0040
0714
0676
0716
0689
0785
0690
0199
0231
0230
0232
0689
0714
0689
0714
0715
0689
0689
0721
0821
0747
0747
0714
0397
0034
0689
0108
0689
0714
0689
0721
0715
0715
0683
0715
0689
0714
0689
0943
0778
0714
0715
0689
0714
0682
0747
0714
0681
0420
0690
0747
0714
0714
0682
0714
0715
0715
0747
0714
0714
0714
0715
0715
0682
0682
0714
0715
0715
0714
0747
0747
0747
0682
0715
0715
0715
0715
0715
0747
0682
0747
0715
0715
0682
0747
0682
0714
0747
0715
0714
0682
0715
0682
0747
0714
0714
0715
0714
0715
0714
0715
0714
0714
0683
0682
0714
0682
0682
0689
0683
0616
0721
0011
0690
0689
0870
0689
0689
0139
0689
0975
0100
0008
0588
0777
0715
0453
0689
0689
0689
0556
0689
0042
0689
0689
0689
0721
0453
0722
0626
0689
0722
0617
0878
0689
0682
0689
0453
0716
0689
0951
0012
0721
0491
0200
0706
0979
0723
0689
0690
0553
0711
0786
0073
0689
0977
0329
0689
0721
0170
0683
0721
0650
0721
0624
0034
0715
1016
0689
0108
0689
0585
0233
0585
0689
0585
0585
0585
0585
0585
0585
0553
0422
0421
0690
0553
0585
0585
0165
0132
0585
0585
0585
0552
0553
0689
0422
0487
0459
0555
0689
0587
0689
0453
0615
0681
0427
0425
0689
0689
0426
0462
0392
0585
0170
0452
0459
0455
0689
0689
0657
0553
0453
0594
0227
0231
0839
0496
0495
0721
0522
0327
0165
0452
0689
0427
0295
0455
0555
1014
0033
0164
0721
0787
0887
0134
0887
0887
0721
0683
0887
0138
0227
0227
0232
0583
0689
0782
0689
0593
0485
0689
0487
0166
0689
0616
0077
0723
0200
0165
0718
0712
0297
0067
0833
0841
0453
0421
0262
0689
0689
0712
0263
0067
0035
0422
0232
0854
0855
0556
0682
0108
0554
0721
0738
0689
0200
0200
0648
0035
0556
0587
0551
0689
0453
0721
0358
0555
0689
0689
0556
0167
0453
0011
0462
0069
0454
0037
0683
0556
0453
0689
0453
0489
0783
0673
0689
0136
0781
0952
0556
0168
0067
0010
0871
0837
0230
0010
0721
0691
0493
0041
0715
0164
0169
0296
0712
0712
0527
0164
0689
0292
0260
0689
0617
0617
0682
0138
0689
0035
0689
0260
0295
0722
0690
0003
0708
0136
0787
0200
0689
0689
0689
0789
0865
0002
0163
0133
0689
0689
0105
0691
0523
0959
1079
0133
0132
0959
0721
0453
0200
0959
0074
0232
0721
0646
0750
0133
0453
0292
0099
0065
0097
0099
0689
0882
0259
0453
0655
0786
0620
0035
0689
0199
0691
0688
0043
0002
0689
0689
0721
0713
0099
0068
0707
0684
0133
0689
0821
0002
0136
0326
0165
0464
0041
0008
0233
0035
0583
0721
0683
0067
0265
0421
0421
0421
0523
0688
0554
0132
0689
0689
0169
0913
0200
0389
0291
0713
0200
0421
0200
0555
0133
0689
0357
0390
0623
0390
0689
1009
0879
0689
0198
0137
0200
0954
0231
0323
0986
1018
0954
0986
0227
0715
0721
0689
0688
0617
0617
0689
0683
0099
0265
0040
0035
0722
0010
0455
0712
0648
0721
0453
0755
0689
0201
0755
0755
0721
0614
0689
0809
0588
0722
0722
0721
0136
0808
0137
0136
0104
0587
0681
0068
0009
0525
0785
0457
0835
0689
0959
0200
0553
0200
0723
0169
0133
0709
0721
0709
0616
0132
0689
0689
0884
0002
0689
0689
0689
0723
0035
0689
0952
0264
0453
0689
0690
0689
0648
0785
0073
0108
0137
0263
0721
0928
0689
0521
0528
0560
0689
0689
0787
0787
0560
0689
0689
0705
0689
0705
0705
0138
0689
0109
0709
0066
0138
0227
0194
0200
0227
0782
0422
0615
0689
0721
0689
0870
0689
0715
0683
0683
0689
0689
0232
0689
0132
0837
0721
0230
0232
0232
0721
0689
0689
0097
0201
0689
0232
0879
0689
0745
0745
0195
0689
0721
0099
0718
0683
0683
0139
0200
0099
0750
0169
0169
0689
0749
0913
0227
0489
0007
0753
0689
0689
0777
0689
0689
0689
0523
0715
0715
0715
0683
0296
0616
0066
0650
0264
0264
0264
0262
0265
0264
0689
0689
0715
0689
0297
0265
0296
0297
0265
0296
0297
0689
0453
0454
0646
0453
0453
0233
0723
0133
0615
0614
0072
0587
0042
0689
0011
0689
0683
0715
0721
0263
0105
0292
0201
0689
0689
0231
0817
0201
0689
0724
0171
0133
0721
0689
0009
0685
0689
0689
0689
0744
0784
0718
0714
0389
0952
0689
0137
0689
0168
0011
0924
0521
0200
0753
0924
0689
0750
0737
0706
0706
0706
0706
0738
0168
0556
0952
0952
0105
0264
0617
0881
0689
0297
0689
0689
0914
0715
0747
0132
0689
0200
0074
0689
0421
0171
0689
0167
0721
0615
0066
0135
0487
0520
0584
0555
0035
0689
0556
0200
0491
0523
0168
0167
0715
0715
0715
0714
0715
0682
0169
0721
0324
0713
0715
0037
0656
0422
0134
0590
0235
0912
0200
0163
0689
0106
0526
0200
0587
0294
0689
0201
0389
0421
0657
0690
0522
0010
0683
0230
0200
0683
0691
0169
0689
0721
0841
0689
0715
0099
0649
0689
0259
0259
0231
0260
0168
0689
0455
0714
0487
0588
0135
0259
0689
0689
0707
0856
0745
0259
0809
0809
0753
0848
0068
0394
0689
0689
0578
0200
0035
0109
0422
0689
0519
0649
0689
0555
0724
0689
0689
0012
0689
0201
0689
0689
0583
0067
0072
0683
0689
0689
0715
0197
0453
0200
0900
0689
0200
0689
0721
0099
0817
0455
0396
0952
0554
0689
0788
0681
0878
0459
0689
0554
0648
0689
0681
0681
0689
0365
0681
0453
0069
0689
0689
0487
0422
0422
0681
0723
0522
0777
0887
0164
0756
0551
0943
0871
0689
0074
0689
0138
0690
0714
0035
0581
0167
0168
0692
0264
0721
0689
1008
0072
0545
0689
0689
0745
0680
0689
0689
0453
0689
0612
0689
0618
0035
0194
0194
0486
0388
0686
0491
0066
0655
0721
0071
0689
0689
0168
0166
0292
1015
0713
0689
0809
0011
0075
0324
0721
0721
0070
0753
0037
0689
0720
0073
0070
0689
0070
0453
0200
0689
0012
0815
0043
0689
0689
0227
0195
0737
0674
0787
0787
0689
0689
0067
0292
0689
0689
0133
0486
0689
0689
0689
0298
0620
0689
0168
0689
0071
0001
0008
0522
0689
0751
0426
0689
0744
0072
0389
0689
0328
0689
0689
0689
0689
0708
0043
0102
0004
0716
1041
0681
0689
1009
1008
1008
0689
0689
0689
0689
0200
0689
1045
0641
0820
0737
0681
0587
0722
0712
0202
0722
0689
0454
0292
0035
0297
0689
0689
0711
0108
0689
0689
0169
0325
0620
0682
0723
0689
0689
0132
0689
0680
0168
0583
0422
0099
0612
0689
0689
0560
0689
0755
0721
0880
0421
0421
0689
0821
0453
0790
0689
0200
0689
0454
0200
0429
0712
0165
0200
0715
0689
0689
0519
0689
0135
0103
0486
0135
0689
0709
0615
0689
0689
0495
0200
0292
0689
0689
0689
0523
0689
0689
0009
0487
0166
0681
0233
0623
0453
0520
0855
0712
0521
0453
0721
0682
0072
0689
0689
0421
0689
0821
0201
0689
0168
0648
0454
0167
0690
0453
0689
0689
0453
0786
0454
0200
0137
0689
0201
0721
0689
0721
0715
0683
0715
0715
0714
0715
0682
0682
0715
0715
0715
0714
0783
0782
0657
0066
0422
0486
0647
0523
0587
0749
0139
0425
0646
0453
0100
0134
0689
0010
0327
0689
0067
0689
0720
0102
0689
0396
0587
0713
0522
0199
0163
0162
0454
0201
0715
0715
0042
0715
0074
0689
0689
0034
0200
0690
0690
0164
0422
0683
0690
0689
0715
0689
0201
0487
0689
0453
0611
0390
0689
0689
0422
0422
0390
0422
0422
0421
0657
0034
0882
0748
0747
0689
0689
0842
0652
0923
0294
0680
0786
0689
0689
0952
0523
0005
0454
0689
0718
0689
0165
0200
0486
0168
0689
0721
0488
0168
0421
0777
0486
0518
0487
0487
0777
0744
0689
0744
0164
0164
0689
0453
0454
0200
0689
0689
0135
0454
0453
0715
0453
0555
0326
0422
0689
0556
0422
0750
0496
0496
0560
0690
0454
0689
0689
0623
0689
0689
0689
0388
0262
0486
0388
0680
0777
0723
0690
0689
0889
0135
0389
0421
0687
0168
0689
0689
0003
0689
0356
0689
0689
0751
0689
0655
0454
0009
0421
0422
0723
0165
0488
0527
0889
0421
0390
0454
0422
0421
0040
0611
0751
0487
0262
0454
0454
0689
0455
0421
0454
0486
0453
0453
0689
0422
0454
0487
0486
0453
0485
0453
0422
0519
0454
0421
0422
0422
0421
0487
0421
0487
0488
0422
0454
0453
0422
0453
0423
0134
0421
0488
0454
0421
0420
0453
0420
0454
0487
0422
0454
0453
0454
0453
0454
0422
0454
0453
0454
0454
0421
0485
0487
0487
0453
0453
0422
0486
0422
0422
0421
0389
0422
0422
0389
0421
0453
0486
0388
0454
0422
0422
0611
0485
0421
0487
0421
0422
0421
0519
0454
0389
0421
0422
0454
0422
0421
0389
0135
0067
0689
0587
0558
0689
0138
0712
0689
0689
0751
0689
0075
0721
0872
0689
0134
0689
0556
0689
0721
0556
0555
0429
0689
0657
0821
0689
0689
0784
0689
0705
0705
0721
0689
0709
0138
0067
0707
0689
0739
0200
0588
0324
0744
0688
0556
0069
0689
0789
0789
0657
0201
0200
0648
0689
1077
1078
0655
0524
0201
0952
0721
0777
0042
0689
0324
0292
0324
0689
0324
0708
0325
0942
0689
0689
0689
0690
0721
0657
0200
0689
0428
0689
0745
0680
0712
0171
0132
0591
0201
0689
0002
0034
0977
0168
0200
0203
0689
0721
0658
0689
0714
0195
0168
0689
0689
0457
0167
0723
0713
0689
0200
0391
0840
0689
0689
0839
0097
0689
0454
0003
0263
0756
0689
0646
0105
0454
1010
0162
0689
0979
0199
0689
0872
0074
0486
1008
0689
0689
0008
0689
0814
0813
0689
0616
0551
0200
0690
0690
0689
0496
0649
0689
0689
0959
0881
0856
0689
0580
0200
0168
0711
0711
0684
0721
0619
0456
0721
0689
0034
0747
0716
0685
0716
0715
0715
0715
0753
0035
0712
0713
0777
0689
0690
0953
0723
0166
0520
0689
0170
0617
0689
0132
0162
0195
0194
0195
0195
0712
0689
0649
0227
0226
0194
0194
0194
0721
0689
0459
0649
0691
0487
0689
0201
0262
0494
0649
0854
0593
0396
0689
0755
0518
0721
0201
0711
0711
0584
