0257
0257
0270
0078
0372
0290
0180
0157
0258
0025
0117
0041
0234
0196
0257
0199
0235
0063
0097
0233
0117
0257
0258
0040
0007
0156
0156
0062
0139
0258
0258
0258
0160
0196
0362
0117
0117
0117
0117
0117
0117
0257
0258
0117
0117
0117
0253
0180
0041
0117
0258
0258
0117
0117
0117
0268
0258
0196
0290
0078
0239
0218
0314
0257
0060
0062
0257
0257
0180
0180
0258
0239
0078
0299
0155
0001
0275
0335
0062
0194
0156
0252
0025
0062
0021
0258
0257
0041
0274
0257
0117
0254
0254
0254
0254
0254
0254
0258
0043
0062
0100
0062
0118
0257
0258
0078
0184
0059
0175
0298
0257
0100
0254
0213
0290
0257
0097
0078
0078
0118
0078
0298
0117
0257
0219
0117
0117
0117
0177
0098
0237
0063
0097
0097
0117
0117
0117
0098
0257
0002
0257
0022
0062
0117
0257
0258
0097
0079
0079
0214
0257
0006
0298
0117
0257
0044
0097
0097
0117
0257
0257
0117
0042
0257
0257
0117
0117
0117
0117
0257
0116
0257
0098
0258
0257
0097
0097
0078
0059
0098
0097
0239
0117
0059
0083
0078
0078
0097
0078
0097
0097
0297
0238
0078
0098
0005
0097
0117
0116
0116
0059
0117
0097
0078
0097
0041
0097
0097
0097
0097
0078
0097
0097
0097
0097
0097
0117
0097
0116
0117
0097
0098
0117
0117
0117
0116
0116
0258
0117
0117
0117
0117
0117
0078
0097
0097
0097
0097
0097
0078
0078
0097
0097
0097
0098
0062
0117
0098
0078
0117
0287
0097
0097
0097
0097
0097
0097
0097
0097
0097
0097
0097
0097
0097
0097
0098
0098
0098
0062
0062
0062
0257
0253
0254
0043
0005
0257
0253
0297
0274
0257
0174
0257
0257
0022
0218
0257
0252
0180
0257
0257
0257
0059
0078
0248
0239
0258
0002
0257
0182
0298
0371
0257
0257
0257
0062
0251
0257
0021
0137
0257
0195
0254
0307
0235
0220
0230
0159
0257
0317
0060
0118
0257
0253
0021
0117
0248
0042
0060
0214
0257
0297
0045
0044
0257
0238
0202
0184
0297
0297
0297
0278
0061
0272
0117
0297
0297
0297
0297
0278
0297
0278
0297
0297
0297
0297
0297
0278
0297
0278
0278
0297
0278
0078
0059
0257
0249
0257
0257
0257
0042
0276
0253
0041
0257
0022
0024
0021
0238
0257
0237
0197
0270
0257
0257
0290
0178
0063
0257
0184
0257
0064
0257
0183
0233
0198
0078
0098
0078
0257
0257
0220
0334
0257
0272
0272
0257
0257
0156
0250
0257
0046
0021
0042
0252
0257
0041
0257
0271
0271
0257
0257
0257
0063
0333
0253
0026
0117
0062
0040
0020
0214
0059
0043
0220
0062
0353
0257
0257
0257
0040
0308
0060
0258
0258
0259
0238
0216
0239
0062
0081
0258
0257
0267
0257
0021
0278
0257
0258
0258
0005
0119
0277
0257
0214
0159
0197
0258
0257
0042
0062
0257
0248
0267
0078
0238
0289
0214
0277
0277
0277
0025
0257
0119
0022
0258
0272
0025
0062
0041
0119
0258
0233
0100
0219
0061
0315
0082
0239
0063
0202
0021
0239
0062
0291
0025
0293
0041
0214
0258
0062
0258
0319
0238
0257
0062
0119
0021
0372
0257
0258
0197
0119
0119
0257
0119
0119
0119
0119
0081
0197
0239
0257
0061
0214
0375
0136
0239
0252
0252
0233
0007
0258
0214
0257
0374
0258
0239
0375
0306
0155
0177
0176
0257
0334
0002
0081
0337
0040
0043
0257
0099
0100
0339
0338
0100
0257
0183
0002
0020
0020
0021
0176
0062
0003
0375
0375
0258
0257
0194
0062
0024
0257
0257
0290
0063
0257
0082
0239
0155
0257
0045
0183
0198
0343
0137
0276
0078
0002
0200
0239
0257
0276
0257
0178
0158
0062
0315
0062
0062
0183
0250
0258
0255
0183
0002
0238
0257
0233
0257
0119
0257
0119
0183
0235
0119
0258
0257
0183
0061
0061
0061
0061
0183
0275
0333
0258
0258
0041
0213
0315
0060
0220
0233
0240
0136
0100
0026
0371
0257
0334
0024
0099
0374
0318
0269
0318
0240
0005
0255
0352
0316
0239
0257
0257
0233
0257
0021
0270
0257
0257
0061
0257
0005
0177
0257
0254
0272
0258
0159
0159
0159
0002
0196
0257
0258
0257
0006
0233
0214
0174
0257
0040
0257
0257
0257
0155
0239
0044
0253
0174
0298
0041
0258
0062
0257
0258
0240
0197
0257
0257
0098
0258
0214
0060
0059
0077
0119
0257
0197
0156
0062
0307
0041
0002
0061
0214
0257
0213
0239
0257
0267
0177
0258
0274
0258
0062
0214
0214
0351
0253
0257
0257
0078
0002
0258
0298
0240
0045
0136
0040
0257
0239
0002
0080
0376
0178
0258
0062
0197
0252
0352
0215
0081
0234
0043
0215
0352
0023
0252
0062
0319
0214
0239
0257
0060
0078
0257
0046
0058
0258
0256
0342
0354
0023
0118
0299
0025
0120
0253
0194
0078
0079
0278
0062
0338
0197
0258
0233
0058
0140
0007
0257
0058
0356
0290
0043
0258
0258
0060
0043
0257
0155
0332
0058
0140
0272
0259
0257
0021
0137
0290
0255
0021
0258
0041
0239
0271
0360
0006
0219
0257
0240
0257
0253
0197
0257
0059
0299
0062
0257
0257
0026
0059
0178
0237
0159
0080
0024
0064
0257
0257
0058
0219
0257
0062
0233
0258
0267
0268
0268
0063
0041
0253
0249
0020
0308
0061
0058
0058
0239
0062
0176
0299
0062
0308
0043
0197
0257
0021
0239
0239
0045
0238
0252
0118
0025
0136
0220
0215
0214
0233
0117
0078
0238
0139
0061
0257
0275
0251
0252
0257
0239
0006
0041
0058
0058
0002
0058
0257
0058
0006
0361
0238
0042
0101
0100
0046
0257
0006
0174
0178
0259
0356
0060
0257
0021
0215
0214
0253
0258
0022
0375
0258
0041
0214
0063
0215
0214
0215
0214
0332
0214
0058
0257
0258
0272
0044
0040
0062
0176
0025
0178
0216
0257
0257
0258
0253
0197
0039
0249
0021
0117
0258
0258
0078
0258
0058
0238
0043
0022
0155
0258
0249
0248
0239
0252
0058
0040
0197
0100
0356
0291
0196
0307
0307
0178
0197
0239
0216
0155
0238
0043
0258
0248
0257
0044
0078
0318
0297
0117
0042
0001
0258
0258
0118
0097
0097
0355
0059
0257
0239
0044
0007
0179
0257
0043
0214
0002
0002
0257
0021
0120
0233
0158
0082
0082
0059
0041
0338
0179
0198
0336
0253
0005
0233
0293
0258
0258
0058
0006
0194
0220
0081
0272
0062
0155
0002
0117
0100
0197
0006
0007
0240
0002
0081
0059
0257
0060
0042
0180
0258
0198
0258
0078
0062
0238
0238
0080
0006
0081
0082
0258
0298
0197
0258
0258
0220
0375
0197
0337
0337
0257
0058
0058
0318
0058
0058
0058
0058
0337
0258
0058
0159
0062
0337
0040
0258
0278
0001
0197
0025
0195
0258
0258
0239
0178
0002
0081
0258
0332
0356
0078
0043
0339
0196
0258
0021
0021
0081
0258
0254
0020
0196
0355
0214
0299
0257
0059
0257
0118
0155
0308
0258
0308
0179
0257
0062
0257
0021
0257
0059
0220
0254
0041
0020
0321
0321
0005
0254
0237
0063
0006
0239
0155
0276
0194
0339
0337
0340
0119
0274
0257
0155
0079
0021
0176
0043
0043
0258
0042
0238
0060
0196
0258
0216
0194
0043
0229
0239
0026
0374
0023
0214
0258
0239
0045
0021
0258
0239
0198
0272
0178
0239
0026
0063
0022
0258
0278
0257
0257
0042
0308
0063
0250
0159
0198
0159
0062
0159
0258
0257
0257
0081
0318
0258
0239
0258
0060
0059
0198
0373
0257
0025
0257
0062
0258
0239
0239
0239
0259
0082
0199
0200
0118
0257
0258
0200
0061
0200
0200
0200
0200
0200
0271
0252
0252
0078
0257
0239
0043
0214
0257
0239
0239
0254
0239
0025
0257
0318
0356
0215
0079
0235
0374
0375
0040
0197
0239
0062
0218
0042
0099
0238
0238
0239
0063
0257
0062
0159
0058
0317
0317
0258
0175
0258
0258
0214
0020
0231
0316
0040
0253
0258
0041
0315
0258
0078
0305
0258
0238
0257
0342
0022
0258
0062
0257
0059
0257
0214
0239
0117
0117
0337
0257
0258
0258
0059
0117
0117
0062
0062
0007
0251
0006
0258
0043
0332
0099
0254
0002
0062
0214
0081
0257
0063
0177
0258
0258
0214
0257
0023
0081
0215
0157
0316
0239
0157
0239
0338
0257
0216
0336
0098
0137
0197
0291
0041
0258
0239
0040
0239
0239
0025
0212
0258
0025
0256
0239
0175
0062
0258
0179
0022
0179
0258
0220
0315
0214
0175
0063
0255
0309
0258
0258
0259
0257
0063
0042
0258
0179
0259
0257
0232
0258
0278
0197
0253
0214
0317
0197
0239
0239
0062
0097
0271
0040
0216
0020
0082
0258
0079
0239
0215
0258
0239
0062
0239
0239
0257
0259
0257
0194
0194
0194
0194
0194
0239
0307
0258
0180
0219
0258
0045
0140
0274
0001
0257
0062
0155
0158
0062
0258
0216
0338
0238
0098
0201
0062
0258
0080
0257
0238
0239
0062
0220
0081
0008
0251
0044
0253
0253
0062
0239
0258
0214
0061
0258
0119
0062
0252
0258
0250
0252
0002
0081
0356
0257
0119
0003
0271
0252
0239
0212
0258
0291
0080
0258
0155
0258
0220
0061
0252
0044
0277
0258
0062
0258
0041
0317
0022
0317
0258
0295
0041
0257
0257
0375
0059
0257
0257
0257
0041
0041
0063
0201
0291
0252
0331
0257
0258
0257
0059
0197
0240
0002
0274
0238
0332
0197
0258
0258
0258
0117
0295
0080
0337
0259
0194
0258
0267
0155
0318
0258
0257
0257
0253
0080
0062
0025
0334
0044
0003
0063
0252
0257
0258
0253
0258
0252
0254
0252
0252
0299
0252
0252
0062
0180
0249
0239
0195
0062
0258
0253
0316
0082
0257
0354
0117
0258
0216
0219
0081
0059
0021
0060
0258
0258
0279
0258
0060
0062
0257
0258
0258
0046
0044
0258
0022
0214
0234
0040
0025
0082
0258
0239
0059
0062
0258
0351
0062
0081
0314
0257
0258
0356
0063
0309
0197
0257
0175
0254
0043
0252
0315
0005
0355
0257
0258
0081
0258
0002
0258
0318
0318
0254
0254
0061
0360
0155
0298
0239
0297
0078
0254
0258
0196
0062
0280
0257
0062
0062
0252
0216
0254
0003
0042
0021
0275
0021
0317
0002
0195
0021
0198
0021
0078
0140
0352
0041
0021
0257
0257
0119
0239
0258
0299
0046
0258
0216
0062
0002
0098
0318
0002
0256
0298
0258
0318
0318
0078
0045
0308
0257
0080
0308
0308
0077
0197
0239
0062
0062
0257
0215
0238
0249
0006
0257
0062
0196
0216
0077
0059
0078
0214
0078
0078
0078
0253
0059
0234
0239
0078
0078
0078
0078
0078
0077
0077
0195
0214
0239
0059
0059
0059
0059
0059
0078
0024
0214
0040
0077
0078
0078
0078
0078
0116
0116
0078
0078
0078
0078
0078
0078
0078
0078
0214
0078
0078
0257
0062
0021
0021
0021
0257
0059
0312
0334
0289
0237
0289
0007
0237
0257
0240
0258
0253
0318
0078
0258
0195
0026
0155
0196
0215
0195
0195
0195
0195
0195
0195
0258
0257
0258
0257
0253
0257
0258
0177
0255
0286
0299
0258
0274
0197
0289
0063
0158
0043
0064
0040
0314
0258
0258
0021
0155
0062
0082
0063
0257
0049
0063
0138
0239
0257
0238
0026
0257
0258
0372
0258
0257
0117
0258
0045
0003
0374
0258
0252
0258
0257
0257
0257
0137
0343
0097
0235
0008
0253
0343
0081
0175
0006
0278
0258
0258
0249
0178
0081
0248
0078
0258
0082
0374
0336
0195
0252
0258
0334
0257
0333
0267
0375
0375
0258
0239
0239
0239
0214
0197
0064
0004
0002
0239
0024
0197
0213
0238
0022
0258
0081
0250
0258
0025
0156
0258
0025
0062
0254
0097
0257
0064
0257
0377
0257
0062
0333
0254
0214
0197
0197
0258
0306
0214
0043
0062
0237
0041
0081
0238
0043
0002
0286
0023
0258
0257
0003
0258
0176
0081
0258
0257
0099
0078
0254
0288
0160
0257
0021
0044
0251
0253
0196
0258
0258
0214
0062
0258
0279
0250
0042
0309
0252
0064
0156
0100
0247
0258
0315
0287
0257
0258
0258
0197
0044
0257
0258
0362
0248
0258
0239
0194
0298
0258
0257
0025
0248
0258
0044
0342
0180
0025
0197
0234
0234
0234
0238
0254
0258
0117
0195
0175
0258
0258
0257
0272
0005
0258
0258
0180
0362
0062
0267
0250
0005
0041
0021
0214
0258
0258
0297
0308
0240
0249
0002
0179
0257
0254
0238
0002
0234
0215
0214
0257
0061
0233
0258
0082
0214
0233
0257
0059
0199
0253
0257
0215
0273
0319
0078
0063
0062
0258
0258
0290
0309
0248
0238
0081
0250
0117
0117
0238
0251
0078
0257
0216
0318
0257
0198
0041
0078
0298
0082
0258
0259
0041
0002
0155
0289
0044
0258
0257
0257
0258
0239
0238
0240
0021
0258
0238
0081
0002
0176
0249
0275
0258
0238
0279
0258
0196
0258
0024
0002
0238
0194
0155
0062
0258
0258
0100
0060
0178
0238
0258
0274
0238
0062
0257
0252
0043
0234
0062
0253
0155
0156
0250
0250
0254
0258
0212
0021
0355
0257
0155
0239
0021
0021
0001
0257
0062
0318
0257
0319
0061
0253
0294
0078
0286
0258
0062
0002
0253
0257
0310
0257
0251
0178
0002
0310
0310
0274
0021
0044
0257
0156
0081
0040
0175
0175
0027
0315
0081
0041
0257
0175
0175
0253
0043
0258
0274
0028
0239
0214
0308
0059
0060
0257
0117
0117
0233
0059
0258
0178
0006
0257
0022
0318
0257
0258
0240
0179
0274
0002
0155
0257
0005
0194
0237
0257
0252
0257
0258
0178
0155
0252
0257
0062
0237
0258
0064
0179
0237
0119
0252
0252
0252
0025
0180
0294
0307
0257
0097
0351
0097
0257
0100
0097
0042
0362
0257
0097
0097
0044
0238
0097
0196
0097
0214
0233
0291
0257
0257
0059
0062
0255
0219
0079
0257
0024
0002
0136
0198
0257
0257
0257
0059
0258
0156
0155
0156
0250
0219
0250
0258
0233
0220
0253
0296
0239
0139
0082
0099
0155
0257
0215
0136
0138
0296
0021
0220
0080
0041
0277
0021
0257
0041
0253
0215
0257
0178
0258
0317
0046
0256
0062
0258
0083
0214
0215
0196
0214
0238
0289
0255
0257
0336
0005
0196
0286
0252
0002
0002
0258
0140
0078
0098
0098
0271
0252
0212
0290
0259
0238
0313
0060
0257
0162
0194
0307
0299
0336
0258
0258
0317
0062
0254
0155
0258
0250
0308
0275
0248
0220
0178
0257
0216
0062
0362
0257
0022
0218
0238
0308
0197
0200
0219
0235
0080
0258
0155
0239
0081
0117
0238
0218
0043
0118
0023
0239
0318
0276
0140
0257
0178
0197
0257
0239
0257
0020
0276
0200
0200
0002
0078
0062
0155
0258
0199
0197
0257
0258
0062
0319
0101
0257
0238
0155
0258
0176
0176
0318
0336
0314
0220
0155
0258
0198
0257
0277
0060
0257
0005
0176
0257
0197
0257
0198
0197
0257
0258
0258
0252
0062
0258
0258
0098
0257
0258
0216
0307
0253
0279
0025
0271
0290
0257
0258
0045
0175
0289
0080
0257
0214
0257
0258
0257
0063
0234
0343
0022
0077
0257
0025
0257
0257
0257
0294
0118
0195
0257
0257
0078
0078
0078
0097
0097
0079
0078
0078
0098
0253
0308
0119
0059
0257
0252
0003
0248
0290
0257
0272
0252
0059
0059
0021
0272
0271
0248
0078
0330
0330
0158
0248
0248
0023
0258
0078
0270
0258
0238
0174
0257
0257
0257
0258
0180
0238
0025
0259
0267
0258
0238
0041
0002
0298
0025
0257
0279
0259
0257
0257
0237
0238
0257
0257
0278
0234
0216
0213
0258
0248
0277
0259
0253
0220
0218
0234
0258
0257
0254
0257
0060
0257
0233
0231
0253
0271
0295
0239
0178
0197
0267
0178
0372
0258
0042
0257
0196
0006
0258
0197
0155
0233
0257
0212
0258
0155
0257
0289
0214
0214
0230
0116
0214
0155
0020
0155
0178
0040
0043
0258
0043
0257
0177
0318
0257
0257
0180
0257
0078
0239
0155
0258
0255
0155
0002
0041
0136
0258
0256
0197
0081
0257
0257
0258
0258
0060
0043
0291
0257
0258
0220
0239
0257
0220
0249
0337
0043
0219
0258
0007
0220
0258
0337
0021
0337
0337
0006
0257
0197
0257
0252
0043
0258
0154
0239
0258
0257
0249
0258
0257
0254
0156
0097
0097
0097
0043
0238
0062
0097
0002
0213
0196
0253
0253
0257
0237
0362
0213
0197
0062
0078
0252
0253
0233
0253
0258
0257
0271
0063
0252
0023
0197
0197
0255
0235
0254
0257
0338
0217
0024
0080
0296
0258
0192
0061
0257
0255
0059
0059
0135
0233
0214
0043
0277
0291
0255
0082
0117
0117
0194
0039
0025
0256
0258
0257
0063
0257
0175
0155
0021
0175
0233
0136
0253
0256
0043
0082
0200
0043
0257
0156
0155
0372
0022
0308
0252
0318
0257
0290
0250
0257
0043
0080
0080
0062
0277
0257
0220
0024
0257
0257
0257
0258
0254
0257
0194
0059
0257
0257
0043
0155
0155
0276
0062
0043
0004
0249
0257
0043
0099
0099
0294
0060
0258
0043
0239
0238
0318
0318
0318
0025
0002
0238
0258
0257
0239
0258
0003
0257
0259
0043
0155
0063
0043
0257
0042
0274
0043
0043
0059
0155
0002
0341
0352
0043
0043
0043
0043
0043
0043
0043
0043
0043
0354
0272
0043
0221
0117
0043
0233
0258
0258
0043
0043
0043
0043
0043
0043
0043
0043
0043
0043
0043
0043
0043
0043
0043
0043
0043
0043
0043
0043
0044
0043
0043
0044
0044
0043
0044
0043
0043
0044
0043
0043
0044
0043
0043
0043
0043
0043
0043
0043
0043
0044
0043
0043
0043
0043
0043
0063
0043
0043
0063
0043
0043
0043
0043
0043
0063
0043
0041
0043
0043
0043
0043
0157
0252
0217
0257
0040
0081
0257
0026
0271
0155
0257
0238
0257
0117
0220
0002
0177
0257
0238
0062
0220
0042
0274
0233
0219
0237
0078
0041
0199
0062
0253
0219
0258
0257
0306
0257
0253
0318
0238
0258
0025
0026
0318
0220
0220
0258
0339
0257
0062
0212
0157
0232
0220
0253
0060
0257
0253
0253
0257
0253
0272
0253
0257
0274
0258
0021
0258
0120
0197
0248
0362
0258
0059
0362
0082
0362
0362
0063
0196
0043
0258
0219
0258
0219
0220
0318
0220
0220
0220
0219
0239
0220
0219
0220
0099
0118
0062
0217
0175
0257
0258
0155
0155
0002
0023
0175
0259
0257
0216
0253
0305
0257
0213
0024
0258
0232
0213
0258
0257
0250
0256
0044
0253
0253
0253
0253
0253
0253
0257
0159
0238
0238
0253
0059
0277
0159
0081
0238
0257
0317
0081
0259
0257
0062
0257
0159
0159
0259
0258
0175
0259
0259
0259
0259
0259
0278
0259
0258
0042
0118
0023
0308
0062
0354
0253
0308
0180
0309
0318
0257
0333
0155
0289
0117
0117
0117
0257
0309
0080
0099
0334
0081
0257
0079
0253
0309
0297
0216
0257
0274
0296
0238
0238
0276
0216
0062
0040
0137
0291
0155
0002
0257
0258
0317
0257
0040
0253
0155
0258
0271
0253
0006
0217
0257
0308
0258
0238
0005
0277
0256
0295
0290
0258
0257
0258
0196
0309
0061
0258
0062
0297
0257
0257
0099
0333
0257
0007
0309
0135
0156
0043
0275
0257
0257
0078
0258
0249
0259
0259
0257
0257
0155
0155
0241
0240
0239
0258
0342
0041
0239
0257
0220
0258
0257
0294
0257
0239
0155
0199
0298
0155
0239
0214
0063
0258
0002
0373
0003
0257
0258
0258
0258
0257
0060
0197
0257
0258
0041
0274
0258
0253
0258
0257
0253
0156
0258
0253
0258
0258
0317
0239
0239
0155
0233
0272
0238
0258
0058
0257
0155
0258
0058
0276
0233
0058
0273
0292
0253
0214
0214
0254
0059
0253
0177
0005
0253
0250
0254
0258
0277
0258
0080
0081
0080
0081
0258
0253
0238
0253
0254
0257
0258
0257
0298
0273
0254
0253
0141
0001
0257
0046
0258
0253
0258
0257
0254
0254
0254
0254
0257
0253
0258
0332
0272
0253
0254
0258
0253
0253
0254
0253
0234
0155
0239
0254
0253
0253
0253
0253
0254
0254
0254
0253
0253
0253
0254
0254
0253
0253
0253
0254
0254
0253
0254
0254
0254
0253
0254
0254
0254
0254
0254
0254
0253
0254
0254
0254
0234
0254
0253
0253
0273
0254
0253
0253
0254
0253
0273
0253
0253
0254
0253
0254
0253
0254
0253
0253
0254
0253
0253
0253
0253
0258
0254
0214
0257
0007
0258
0257
0308
0258
0258
0045
0258
0351
0041
0005
0217
0271
0254
0155
0257
0239
0257
0198
0258
0025
0257
0257
0257
0257
0155
0258
0220
0258
0258
0215
0313
0257
0253
0257
0155
0254
0258
0337
0007
0257
0178
0062
0248
0354
0259
0258
0239
0195
0252
0277
0024
0239
0353
0119
0258
0257
0063
0254
0258
0234
0257
0219
0001
0254
0375
0258
0046
0258
0196
0082
0196
0257
0195
0196
0196
0196
0195
0195
0195
0156
0155
0239
0195
0195
0195
0060
0041
0195
0195
0195
0195
0196
0258
0156
0175
0159
0197
0239
0216
0258
0155
0213
0233
0140
0158
0257
0257
0158
0161
0138
0214
0063
0154
0159
0157
0239
0239
0238
0196
0155
0201
0078
0081
0308
0181
0180
0257
0177
0118
0060
0155
0257
0159
0099
0157
0197
0374
0001
0060
0257
0278
0318
0042
0318
0318
0257
0254
0318
0044
0078
0078
0081
0214
0257
0275
0257
0220
0174
0257
0175
0061
0257
0214
0027
0258
0062
0060
0256
0252
0101
0021
0286
0291
0155
0155
0099
0257
0257
0252
0099
0021
0021
0137
0081
0299
0299
0197
0253
0027
0196
0257
0267
0258
0062
0062
0233
0002
0197
0216
0194
0257
0155
0257
0137
0197
0257
0257
0197
0061
0155
0007
0160
0022
0156
0003
0235
0197
0155
0258
0155
0177
0275
0229
0258
0043
0274
0337
0198
0062
0021
0006
0308
0288
0080
0006
0258
0259
0179
0025
0254
0060
0063
0100
0252
0252
0180
0059
0258
0097
0097
0257
0214
0214
0253
0044
0257
0002
0257
0097
0099
0258
0258
0002
0249
0043
0278
0062
0258
0258
0258
0279
0305
0002
0059
0041
0258
0257
0043
0259
0178
0342
0375
0041
0041
0342
0257
0155
0062
0342
0025
0081
0258
0232
0275
0041
0155
0097
0040
0020
0020
0040
0238
0315
0078
0155
0237
0277
0216
0021
0257
0081
0259
0238
0007
0001
0257
0238
0258
0252
0040
0021
0249
0235
0041
0257
0298
0002
0043
0118
0060
0162
0005
0005
0081
0002
0194
0257
0254
0021
0082
0155
0155
0155
0178
0257
0196
0041
0238
0258
0062
0334
0062
0136
0097
0253
0081
0155
0081
0197
0041
0257
0117
0137
0218
0137
0257
0352
0313
0257
0080
0044
0062
0339
0081
0116
0358
0358
0339
0358
0078
0254
0257
0257
0238
0215
0214
0257
0254
0040
0081
0005
0002
0258
0006
0156
0252
0233
0258
0155
0277
0257
0063
0278
0278
0258
0213
0258
0291
0216
0258
0258
0257
0043
0290
0043
0043
0043
0216
0233
0022
0006
0179
0276
0157
0287
0257
0342
0062
0196
0062
0258
0063
0041
0250
0257
0250
0214
0041
0258
0257
0316
0001
0257
0257
0257
0259
0002
0257
0338
0100
0155
0257
0258
0258
0233
0276
0024
0026
0043
0099
0257
0342
0258
0177
0200
0200
0257
0257
0278
0278
0200
0257
0257
0248
0257
0248
0248
0044
0257
0046
0250
0020
0044
0078
0078
0062
0078
0275
0156
0214
0258
0257
0258
0308
0257
0254
0254
0254
0257
0257
0081
0258
0041
0307
0257
0080
0081
0081
0257
0257
0257
0039
0063
0258
0081
0313
0257
0271
0272
0078
0258
0257
0040
0256
0254
0254
0045
0062
0040
0256
0062
0063
0257
0255
0333
0078
0177
0004
0276
0238
0258
0272
0239
0257
0258
0178
0254
0254
0254
0254
0100
0214
0020
0234
0100
0100
0100
0080
0100
0100
0257
0258
0254
0257
0101
0100
0100
0100
0100
0100
0100
0257
0155
0156
0232
0155
0155
0081
0258
0041
0213
0213
0024
0197
0006
0239
0007
0257
0254
0254
0257
0099
0025
0098
0063
0258
0257
0080
0295
0063
0257
0259
0064
0041
0257
0257
0006
0255
0257
0257
0257
0271
0276
0255
0253
0136
0337
0257
0043
0257
0062
0007
0321
0196
0062
0277
0340
0258
0275
0267
0248
0248
0248
0248
0248
0062
0197
0337
0337
0043
0081
0214
0315
0257
0101
0257
0258
0315
0254
0254
0041
0258
0062
0025
0257
0136
0064
0239
0061
0257
0214
0021
0042
0176
0176
0214
0197
0002
0257
0198
0062
0178
0178
0062
0062
0254
0254
0254
0253
0254
0253
0063
0257
0117
0253
0254
0022
0238
0156
0042
0217
0083
0314
0062
0059
0258
0044
0179
0062
0216
0099
0257
0062
0136
0136
0238
0258
0196
0006
0254
0080
0062
0254
0259
0063
0257
0257
0291
0257
0254
0021
0234
0258
0078
0097
0080
0097
0062
0257
0156
0253
0175
0216
0042
0097
0257
0239
0249
0318
0272
0078
0291
0291
0257
0295
0022
0139
0258
0239
0210
0081
0002
0046
0156
0257
0194
0233
0258
0197
0259
0239
0257
0007
0258
0062
0239
0239
0195
0021
0024
0254
0258
0257
0254
0060
0155
0062
0307
0257
0062
0257
0257
0021
0295
0156
0140
0337
0196
0257
0278
0234
0313
0159
0257
0196
0233
0257
0233
0234
0257
0122
0233
0155
0022
0257
0257
0176
0156
0156
0233
0259
0177
0272
0318
0059
0278
0195
0332
0308
0257
0025
0257
0044
0239
0253
0021
0212
0061
0062
0240
0081
0257
0258
0352
0024
0191
0257
0258
0253
0233
0258
0257
0155
0257
0212
0257
0215
0021
0059
0059
0175
0136
0237
0178
0020
0237
0257
0023
0257
0257
0062
0061
0098
0375
0253
0257
0291
0007
0026
0117
0257
0257
0023
0257
0022
0257
0257
0024
0023
0257
0023
0155
0062
0257
0007
0294
0026
0257
0257
0078
0078
0267
0249
0278
0278
0257
0258
0021
0098
0258
0238
0041
0175
0257
0239
0258
0101
0216
0258
0062
0258
0023
0001
0005
0196
0238
0275
0158
0257
0252
0024
0136
0257
0119
0257
0257
0257
0257
0250
0026
0042
0002
0255
0371
0233
0257
0352
0352
0352
0258
0257
0257
0258
0062
0257
0374
0229
0297
0248
0234
0197
0258
0252
0063
0258
0239
0156
0097
0002
0101
0257
0257
0252
0045
0257
0257
0063
0117
0216
0234
0259
0258
0257
0041
0257
0252
0062
0214
0156
0021
0212
0257
0239
0200
0257
0277
0257
0314
0155
0155
0257
0298
0155
0279
0238
0062
0257
0156
0062
0160
0252
0060
0062
0254
0257
0257
0175
0257
0043
0042
0175
0042
0258
0250
0214
0257
0258
0180
0081
0097
0257
0239
0257
0178
0257
0258
0005
0175
0061
0233
0082
0218
0155
0176
0299
0252
0196
0155
0258
0234
0024
0238
0257
0155
0258
0298
0062
0239
0062
0233
0156
0061
0239
0155
0258
0257
0155
0277
0156
0062
0044
0239
0063
0257
0257
0257
0254
0254
0254
0254
0253
0254
0253
0253
0254
0254
0254
0253
0275
0275
0239
0021
0156
0175
0233
0178
0216
0274
0045
0139
0232
0155
0040
0042
0239
0006
0118
0257
0021
0239
0257
0042
0258
0140
0197
0253
0177
0080
0059
0059
0156
0063
0254
0254
0006
0254
0025
0258
0257
0001
0062
0258
0239
0060
0156
0254
0239
0258
0254
0239
0063
0175
0257
0155
0211
0137
0257
0257
0137
0137
0137
0137
0137
0136
0238
0001
0315
0254
0273
0258
0258
0291
0235
0339
0099
0233
0277
0239
0258
0337
0178
0003
0156
0257
0255
0239
0060
0081
0175
0062
0257
0257
0176
0062
0136
0271
0175
0175
0175
0175
0272
0271
0257
0271
0060
0060
0257
0155
0156
0062
0257
0257
0043
0156
0155
0254
0155
0197
0118
0156
0258
0197
0156
0275
0181
0181
0200
0239
0156
0257
0258
0218
0239
0257
0258
0135
0080
0175
0135
0252
0272
0258
0239
0257
0319
0042
0136
0155
0237
0062
0239
0258
0002
0258
0116
0257
0257
0256
0257
0237
0156
0006
0136
0156
0259
0060
0176
0180
0319
0155
0137
0156
0137
0155
0005
0211
0275
0175
0080
0156
0156
0257
0156
0155
0156
0175
0155
0155
0257
0137
0156
0176
0175
0155
0174
0155
0137
0176
0156
0136
0137
0156
0155
0176
0155
0175
0176
0156
0156
0155
0156
0155
0156
0042
0155
0176
0156
0155
0154
0155
0155
0156
0175
0156
0156
0155
0156
0155
0156
0156
0156
0155
0156
0156
0136
0174
0175
0175
0155
0155
0156
0175
0156
0156
0155
0136
0156
0156
0136
0155
0155
0175
0136
0156
0137
0137
0211
0174
0155
0175
0136
0156
0136
0176
0156
0136
0155
0156
0156
0137
0136
0136
0042
0021
0257
0197
0199
0258
0044
0252
0257
0257
0275
0257
0026
0257
0309
0257
0042
0257
0198
0257
0258
0197
0197
0141
0258
0239
0298
0257
0257
0276
0239
0248
0248
0257
0257
0250
0044
0021
0249
0257
0268
0062
0216
0117
0271
0238
0197
0022
0258
0279
0279
0239
0062
0062
0233
0257
0374
0374
0237
0178
0063
0338
0257
0271
0025
0257
0116
0098
0117
0257
0117
0249
0117
0332
0257
0257
0257
0239
0257
0239
0081
0258
0159
0257
0272
0233
0252
0064
0041
0218
0062
0239
0002
0001
0353
0062
0062
0064
0258
0257
0239
0257
0253
0059
0062
0257
0258
0158
0061
0258
0253
0257
0081
0138
0290
0257
0257
0289
0039
0257
0156
0002
0081
0278
0258
0232
0025
0156
0353
0058
0258
0354
0062
0239
0309
0025
0175
0352
0239
0257
0005
0257
0293
0293
0258
0214
0194
0062
0239
0239
0258
0181
0233
0257
0257
0342
0314
0318
0258
0193
0062
0062
0252
0252
0236
0258
0216
0157
0257
0258
0002
0254
0254
0255
0254
0254
0254
0254
0276
0002
0252
0252
0272
0257
0239
0338
0258
0061
0176
0258
0063
0215
0257
0041
0058
0059
0059
0059
0059
0252
0258
0233
0078
0078
0078
0078
0078
0257
0257
0159
0234
0240
0175
0257
0062
0080
0180
0233
0317
0219
0140
0257
0259
0175
0257
0062
0252
0252
0214
