0397
0397
0436
0123
0565
0462
0275
0246
0397
0056
0172
0076
0391
0296
0397
0323
0369
0103
0146
0366
0171
0397
0397
0051
0008
0245
0245
0102
0224
0397
0397
0397
0249
0319
0577
0196
0196
0196
0196
0196
0196
0420
0397
0196
0196
0196
0392
0275
0075
0196
0397
0397
0172
0196
0196
0410
0397
0319
0462
0122
0397
0348
0492
0421
0100
0102
0397
0397
0275
0275
0397
0397
0123
0473
0244
0002
0419
0519
0102
0293
0269
0414
0032
0103
0050
0397
0397
0075
0418
0397
0171
0417
0416
0417
0417
0417
0417
0397
0079
0102
0150
0102
0173
0421
0397
0123
0304
0099
0293
0448
0397
0150
0393
0317
0462
0397
0147
0123
0123
0196
0122
0472
0195
0397
0348
0172
0172
0172
0296
0147
0395
0079
0146
0146
0196
0196
0196
0171
0397
0002
0397
0052
0103
0196
0397
0397
0170
0123
0123
0343
0397
0032
0472
0171
0397
0079
0171
0171
0171
0397
0397
0172
0077
0397
0397
0171
0172
0172
0172
0397
0171
0397
0147
0397
0421
0146
0146
0122
0098
0171
0146
0397
0172
0098
0128
0122
0122
0171
0146
0146
0171
0447
0396
0122
0147
0006
0146
0172
0171
0171
0098
0195
0146
0146
0171
0075
0146
0146
0147
0147
0122
0147
0147
0146
0147
0146
0171
0147
0171
0171
0147
0147
0171
0171
0171
0171
0171
0397
0171
0171
0171
0171
0171
0122
0171
0146
0146
0146
0146
0122
0122
0147
0147
0147
0148
0103
0171
0171
0123
0171
0458
0146
0146
0147
0147
0171
0147
0146
0171
0147
0147
0147
0171
0147
0147
0147
0171
0171
0102
0102
0102
0397
0392
0392
0079
0006
0397
0416
0447
0418
0397
0268
0397
0397
0052
0347
0397
0414
0275
0397
0397
0397
0099
0123
0409
0397
0397
0002
0397
0277
0473
0588
0397
0397
0397
0103
0413
0397
0026
0220
0397
0318
0392
0484
0368
0350
0362
0249
0397
0496
0100
0173
0397
0392
0026
0196
0385
0053
0099
0343
0397
0447
0057
0056
0397
0397
0303
0304
0447
0447
0447
0447
0076
0439
0171
0447
0447
0447
0447
0447
0447
0447
0447
0447
0447
0447
0447
0447
0447
0447
0447
0447
0447
0123
0099
0397
0410
0397
0397
0397
0077
0421
0415
0076
0397
0027
0055
0050
0396
0397
0371
0297
0413
0397
0397
0438
0296
0103
0397
0304
0397
0105
0397
0303
0367
0321
0123
0147
0123
0397
0397
0350
0542
0397
0439
0439
0397
0397
0245
0388
0397
0057
0026
0077
0414
0397
0052
0397
0438
0414
0397
0397
0397
0103
0517
0392
0033
0196
0102
0051
0049
0318
0098
0055
0349
0102
0542
0397
0397
0397
0051
0485
0100
0397
0397
0398
0373
0344
0397
0103
0127
0397
0397
0409
0397
0050
0422
0397
0397
0397
0006
0199
0446
0397
0318
0248
0321
0397
0397
0053
0102
0397
0409
0409
0122
0373
0461
0342
0446
0446
0446
0032
0397
0198
0051
0397
0439
0056
0103
0052
0174
0397
0366
0150
0348
0076
0494
0127
0397
0080
0303
0026
0397
0103
0463
0031
0466
0052
0342
0397
0102
0397
0522
0396
0397
0102
0174
0027
0590
0397
0397
0320
0198
0174
0421
0174
0174
0174
0174
0126
0321
0397
0397
0076
0342
0593
0196
0397
0414
0414
0367
0008
0397
0342
0397
0593
0397
0397
0593
0482
0268
0295
0294
0397
0518
0027
0127
0522
0050
0078
0397
0149
0150
0524
0547
0150
0397
0303
0026
0026
0026
0026
0270
0102
0004
0593
0593
0397
0397
0293
0102
0031
0397
0397
0462
0103
0397
0127
0397
0268
0397
0080
0303
0322
0553
0220
0421
0122
0003
0300
0397
0397
0421
0397
0272
0248
0103
0517
0102
0102
0303
0388
0397
0394
0303
0027
0373
0397
0366
0397
0174
0397
0198
0303
0368
0174
0397
0397
0303
0077
0076
0076
0076
0303
0443
0517
0397
0397
0076
0341
0517
0100
0349
0367
0375
0220
0175
0032
0564
0397
0518
0031
0173
0592
0498
0412
0498
0399
0006
0394
0541
0495
0397
0421
0397
0366
0397
0026
0412
0397
0397
0101
0397
0031
0295
0397
0392
0439
0397
0273
0273
0273
0002
0320
0420
0397
0397
0031
0367
0343
0268
0397
0074
0397
0397
0397
0244
0397
0079
0392
0268
0472
0051
0397
0102
0397
0397
0374
0321
0397
0397
0171
0397
0318
0100
0098
0121
0198
0397
0296
0244
0102
0483
0076
0002
0077
0318
0397
0341
0397
0397
0409
0296
0397
0418
0397
0103
0342
0342
0539
0415
0397
0397
0146
0002
0397
0472
0375
0080
0220
0075
0397
0397
0002
0125
0571
0296
0397
0102
0297
0390
0564
0343
0127
0367
0055
0343
0541
0053
0414
0102
0498
0342
0397
0397
0100
0122
0397
0057
0098
0397
0419
0551
0566
0053
0197
0473
0056
0199
0392
0317
0122
0147
0447
0103
0522
0296
0397
0366
0097
0225
0009
0397
0097
0545
0462
0079
0397
0397
0076
0055
0397
0244
0539
0098
0224
0439
0398
0397
0027
0220
0462
0418
0050
0397
0052
0397
0414
0574
0007
0349
0397
0375
0397
0392
0321
0397
0098
0474
0102
0397
0421
0033
0098
0296
0372
0248
0125
0055
0081
0397
0397
0097
0348
0397
0102
0366
0397
0410
0410
0410
0103
0076
0391
0410
0026
0485
0101
0097
0097
0397
0103
0270
0473
0102
0485
0078
0296
0397
0026
0397
0397
0080
0397
0414
0172
0031
0219
0349
0343
0343
0366
0172
0123
0397
0223
0101
0397
0444
0413
0414
0397
0397
0007
0075
0097
0097
0002
0097
0397
0097
0007
0576
0397
0076
0175
0150
0081
0397
0008
0268
0297
0423
0570
0075
0397
0026
0343
0343
0392
0397
0052
0594
0397
0051
0343
0104
0343
0343
0343
0343
0516
0318
0097
0397
0397
0439
0080
0075
0102
0270
0031
0273
0345
0397
0397
0397
0391
0321
0073
0411
0027
0171
0397
0397
0123
0397
0097
0397
0055
0028
0244
0397
0410
0385
0397
0390
0097
0075
0321
0150
0569
0440
0320
0484
0484
0296
0321
0397
0345
0268
0396
0078
0397
0385
0421
0079
0123
0498
0447
0171
0076
0002
0397
0397
0197
0146
0146
0545
0099
0397
0397
0080
0033
0273
0397
0079
0342
0026
0002
0397
0026
0199
0366
0247
0127
0127
0098
0075
0546
0298
0322
0520
0391
0030
0366
0465
0397
0397
0098
0007
0292
0350
0126
0439
0102
0244
0026
0196
0174
0320
0007
0032
0374
0002
0126
0099
0397
0100
0077
0275
0397
0322
0397
0123
0102
0397
0397
0124
0007
0127
0127
0397
0472
0321
0397
0397
0349
0569
0297
0522
0521
0397
0097
0097
0497
0097
0097
0097
0097
0521
0397
0097
0273
0102
0522
0051
0397
0447
0025
0321
0031
0318
0397
0397
0397
0296
0003
0126
0397
0515
0546
0123
0079
0524
0320
0397
0026
0026
0127
0397
0393
0025
0320
0545
0343
0449
0421
0099
0397
0197
0244
0485
0397
0485
0297
0397
0102
0397
0051
0397
0098
0350
0392
0075
0049
0525
0525
0030
0392
0371
0103
0007
0397
0244
0421
0317
0524
0522
0526
0174
0418
0397
0244
0124
0026
0294
0078
0078
0397
0077
0397
0100
0319
0397
0345
0293
0078
0385
0397
0033
0592
0028
0342
0397
0397
0081
0026
0397
0397
0322
0415
0296
0397
0032
0103
0028
0397
0423
0397
0397
0053
0484
0103
0412
0249
0321
0249
0102
0273
0397
0397
0397
0126
0522
0397
0374
0397
0075
0099
0322
0591
0397
0056
0397
0103
0397
0397
0397
0397
0398
0127
0300
0324
0196
0397
0397
0324
0077
0300
0300
0300
0300
0324
0414
0414
0414
0123
0397
0397
0078
0342
0397
0397
0397
0416
0397
0031
0397
0498
0546
0344
0123
0392
0593
0569
0051
0321
0397
0102
0347
0053
0149
0397
0372
0397
0103
0397
0102
0249
0074
0520
0520
0397
0293
0397
0397
0342
0025
0364
0519
0051
0415
0397
0075
0493
0397
0122
0481
0397
0397
0397
0527
0027
0397
0103
0397
0098
0397
0318
0397
0171
0171
0522
0397
0397
0397
0099
0171
0171
0102
0103
0033
0413
0007
0397
0078
0515
0173
0392
0002
0103
0318
0151
0397
0103
0296
0397
0397
0343
0397
0028
0126
0343
0246
0519
0397
0270
0397
0523
0397
0320
0521
0171
0220
0296
0463
0076
0397
0397
0051
0397
0397
0055
0339
0397
0031
0395
0373
0268
0102
0398
0297
0028
0297
0397
0349
0494
0342
0269
0103
0418
0487
0398
0398
0398
0397
0079
0053
0397
0297
0399
0397
0365
0397
0446
0321
0392
0342
0496
0321
0397
0397
0102
0147
0439
0074
0345
0026
0128
0397
0123
0397
0344
0397
0397
0103
0397
0397
0397
0398
0397
0293
0317
0317
0317
0317
0397
0483
0397
0299
0348
0397
0080
0224
0442
0002
0397
0102
0268
0248
0102
0397
0320
0546
0396
0172
0326
0102
0397
0149
0397
0397
0397
0102
0325
0126
0010
0389
0056
0392
0392
0102
0397
0397
0342
0101
0397
0198
0102
0414
0397
0388
0414
0002
0126
0546
0397
0198
0003
0414
0414
0397
0339
0397
0439
0148
0397
0244
0397
0325
0101
0414
0079
0422
0397
0102
0397
0051
0496
0027
0496
0397
0469
0051
0397
0397
0593
0098
0397
0397
0397
0052
0076
0103
0325
0463
0391
0514
0397
0397
0397
0099
0320
0375
0002
0442
0397
0515
0296
0397
0397
0397
0196
0444
0125
0521
0423
0293
0397
0434
0244
0498
0397
0397
0397
0392
0125
0102
0056
0518
0080
0028
0103
0390
0397
0421
0415
0397
0390
0393
0390
0391
0473
0390
0390
0102
0300
0387
0397
0319
0102
0397
0392
0494
0127
0397
0567
0196
0397
0321
0348
0127
0098
0050
0100
0397
0397
0448
0397
0099
0103
0397
0397
0397
0058
0079
0397
0051
0342
0367
0074
0031
0128
0397
0397
0099
0102
0397
0564
0102
0150
0492
0397
0397
0546
0103
0486
0320
0397
0269
0392
0055
0390
0494
0030
0545
0397
0397
0127
0397
0003
0397
0498
0497
0392
0392
0077
0574
0244
0448
0397
0447
0123
0392
0397
0319
0103
0449
0397
0102
0103
0414
0345
0393
0003
0077
0050
0443
0050
0496
0027
0318
0050
0321
0050
0122
0225
0540
0052
0027
0397
0397
0175
0397
0397
0473
0082
0397
0320
0103
0027
0171
0522
0003
0419
0472
0397
0497
0497
0122
0080
0485
0397
0125
0485
0485
0146
0321
0374
0103
0103
0397
0343
0397
0387
0007
0397
0103
0319
0320
0122
0098
0122
0342
0122
0122
0122
0391
0098
0367
0397
0122
0122
0122
0122
0122
0122
0121
0294
0342
0397
0098
0098
0098
0098
0098
0122
0054
0343
0074
0122
0122
0122
0122
0122
0171
0171
0122
0122
0122
0122
0122
0122
0122
0122
0318
0122
0122
0397
0102
0026
0026
0026
0397
0098
0490
0518
0461
0371
0461
0032
0372
0397
0375
0397
0415
0497
0123
0397
0319
0032
0244
0319
0344
0319
0319
0319
0319
0319
0319
0397
0397
0397
0397
0391
0397
0397
0296
0394
0457
0473
0397
0442
0321
0461
0079
0248
0055
0081
0050
0492
0397
0397
0026
0244
0102
0127
0079
0397
0061
0103
0222
0374
0397
0397
0032
0397
0397
0566
0397
0397
0172
0397
0057
0003
0593
0397
0390
0397
0397
0397
0397
0221
0553
0146
0368
0010
0415
0553
0126
0269
0008
0446
0397
0397
0410
0297
0126
0385
0146
0397
0128
0593
0544
0318
0414
0397
0518
0397
0516
0434
0593
0593
0397
0397
0374
0374
0342
0320
0080
0028
0002
0397
0054
0297
0341
0397
0027
0397
0150
0388
0397
0031
0244
0397
0031
0103
0393
0171
0397
0105
0397
0596
0397
0102
0516
0392
0318
0320
0320
0397
0483
0318
0054
0102
0396
0076
0126
0397
0079
0027
0457
0053
0397
0397
0003
0397
0270
0127
0421
0397
0172
0123
0393
0459
0250
0397
0026
0055
0389
0392
0296
0397
0397
0342
0102
0397
0448
0387
0077
0486
0390
0080
0245
0150
0384
0397
0493
0459
0397
0397
0397
0321
0056
0397
0397
0553
0385
0397
0398
0293
0473
0397
0397
0055
0409
0397
0079
0551
0275
0032
0320
0368
0367
0367
0372
0416
0397
0196
0294
0293
0397
0397
0397
0439
0007
0397
0397
0275
0553
0102
0433
0388
0006
0075
0027
0342
0397
0397
0471
0485
0375
0410
0002
0297
0397
0392
0397
0002
0367
0343
0343
0397
0077
0367
0397
0127
0318
0367
0397
0099
0323
0415
0397
0319
0440
0498
0122
0103
0103
0397
0397
0463
0486
0385
0397
0126
0388
0196
0196
0396
0413
0122
0397
0345
0497
0397
0321
0052
0122
0472
0127
0397
0398
0052
0002
0244
0461
0079
0398
0397
0397
0397
0397
0397
0399
0026
0397
0397
0126
0002
0270
0387
0443
0421
0397
0448
0397
0320
0397
0054
0026
0373
0293
0244
0103
0397
0397
0174
0100
0297
0397
0397
0442
0373
0103
0397
0390
0055
0367
0078
0391
0244
0269
0412
0411
0393
0397
0340
0026
0545
0397
0243
0373
0026
0026
0001
0397
0102
0498
0397
0498
0077
0415
0468
0123
0457
0397
0102
0002
0391
0397
0487
0397
0413
0296
0002
0487
0487
0442
0026
0055
0397
0269
0127
0074
0269
0269
0034
0493
0126
0076
0397
0269
0269
0392
0078
0397
0418
0035
0397
0342
0485
0098
0099
0397
0196
0195
0367
0098
0397
0297
0008
0397
0051
0522
0421
0397
0374
0274
0418
0003
0244
0397
0030
0317
0372
0397
0390
0397
0397
0297
0244
0390
0397
0103
0371
0397
0105
0298
0372
0199
0390
0390
0390
0055
0275
0467
0484
0397
0146
0539
0146
0397
0174
0146
0053
0577
0397
0146
0146
0055
0397
0146
0295
0146
0342
0366
0463
0397
0397
0099
0102
0394
0348
0148
0397
0054
0002
0219
0322
0397
0397
0397
0075
0397
0245
0244
0269
0412
0348
0388
0397
0366
0350
0391
0446
0373
0199
0127
0149
0244
0397
0343
0219
0222
0470
0026
0349
0125
0075
0421
0026
0397
0052
0415
0343
0397
0273
0397
0496
0082
0419
0102
0397
0128
0343
0343
0295
0343
0397
0461
0394
0397
0520
0006
0319
0457
0414
0003
0027
0397
0224
0122
0171
0171
0414
0414
0340
0462
0398
0397
0492
0075
0397
0253
0317
0484
0473
0545
0397
0397
0521
0103
0393
0244
0397
0387
0485
0419
0385
0349
0273
0397
0320
0102
0578
0421
0028
0347
0396
0485
0320
0325
0324
0369
0125
0397
0244
0397
0127
0171
0397
0323
0054
0172
0052
0397
0497
0421
0225
0397
0297
0296
0397
0374
0397
0049
0420
0324
0300
0002
0123
0103
0244
0397
0323
0320
0397
0397
0102
0498
0151
0397
0397
0243
0397
0294
0294
0497
0521
0492
0349
0244
0397
0321
0397
0422
0076
0397
0007
0294
0397
0321
0397
0321
0321
0397
0397
0397
0414
0102
0422
0422
0172
0397
0397
0344
0483
0415
0448
0032
0439
0438
0397
0397
0080
0268
0460
0125
0397
0343
0397
0397
0397
0079
0391
0553
0052
0121
0397
0032
0397
0397
0397
0443
0196
0319
0397
0397
0122
0123
0122
0147
0147
0123
0147
0147
0171
0391
0484
0198
0099
0397
0414
0003
0410
0463
0421
0415
0390
0098
0098
0027
0439
0439
0385
0122
0512
0512
0248
0410
0386
0029
0397
0147
0413
0397
0372
0268
0397
0396
0397
0397
0275
0397
0031
0423
0433
0397
0372
0052
0026
0472
0031
0397
0424
0422
0397
0397
0372
0372
0396
0397
0423
0391
0345
0341
0422
0385
0422
0422
0391
0349
0323
0391
0397
0397
0416
0397
0075
0397
0390
0388
0392
0415
0468
0397
0297
0321
0433
0272
0590
0397
0077
0397
0319
0008
0397
0320
0244
0367
0397
0340
0397
0244
0397
0460
0342
0342
0362
0171
0343
0244
0049
0244
0297
0075
0079
0397
0054
0397
0272
0498
0397
0397
0300
0397
0123
0373
0244
0397
0418
0268
0026
0076
0219
0397
0419
0321
0126
0397
0397
0397
0397
0100
0078
0463
0421
0397
0349
0374
0397
0349
0387
0522
0078
0348
0421
0009
0349
0397
0546
0027
0522
0546
0008
0397
0320
0397
0390
0078
0398
0243
0374
0397
0397
0410
0397
0397
0392
0244
0146
0146
0146
0078
0397
0102
0146
0002
0317
0296
0392
0392
0397
0371
0577
0341
0321
0102
0146
0391
0415
0390
0415
0397
0397
0439
0103
0390
0028
0296
0320
0417
0393
0393
0397
0522
0346
0054
0125
0445
0397
0314
0100
0397
0394
0098
0099
0218
0366
0342
0078
0421
0463
0418
0151
0195
0195
0317
0074
0031
0395
0397
0397
0103
0397
0269
0244
0026
0268
0367
0220
0392
0419
0079
0151
0325
0079
0397
0244
0244
0589
0027
0485
0415
0521
0397
0462
0411
0397
0078
0125
0125
0102
0446
0397
0349
0054
0397
0396
0397
0421
0392
0397
0293
0098
0397
0397
0079
0244
0243
0420
0103
0078
0005
0387
0397
0078
0149
0149
0467
0100
0397
0054
0397
0397
0497
0497
0497
0031
0002
0373
0422
0397
0397
0397
0028
0397
0399
0054
0268
0103
0078
0397
0077
0417
0078
0078
0099
0244
0003
0526
0565
0054
0078
0054
0078
0054
0054
0079
0054
0078
0567
0416
0054
0351
0196
0054
0367
0397
0397
0078
0054
0078
0079
0078
0078
0078
0078
0079
0078
0078
0054
0078
0078
0078
0054
0054
0078
0078
0054
0079
0054
0078
0079
0079
0078
0079
0054
0078
0079
0078
0078
0079
0054
0054
0078
0078
0054
0078
0079
0079
0079
0078
0078
0078
0078
0054
0079
0054
0078
0079
0078
0054
0078
0079
0079
0079
0079
0052
0078
0078
0078
0078
0270
0390
0345
0397
0075
0126
0397
0056
0415
0243
0397
0397
0397
0171
0349
0026
0271
0396
0373
0102
0349
0076
0417
0367
0349
0371
0122
0052
0323
0102
0392
0348
0397
0397
0482
0397
0391
0497
0397
0397
0032
0032
0521
0350
0350
0397
0524
0397
0103
0339
0246
0364
0349
0392
0100
0397
0416
0416
0397
0416
0416
0416
0397
0418
0421
0026
0397
0199
0296
0385
0577
0397
0099
0577
0127
0577
0577
0079
0296
0078
0397
0348
0397
0325
0349
0497
0349
0325
0349
0325
0397
0349
0325
0325
0149
0197
0102
0322
0269
0397
0397
0268
0244
0002
0028
0268
0422
0397
0344
0416
0482
0397
0340
0030
0397
0365
0340
0397
0397
0388
0395
0055
0392
0392
0392
0392
0416
0392
0397
0249
0397
0397
0392
0098
0422
0249
0126
0373
0397
0496
0126
0422
0397
0102
0397
0249
0249
0423
0397
0269
0422
0422
0422
0422
0423
0447
0422
0398
0076
0173
0029
0485
0102
0567
0392
0484
0299
0486
0497
0397
0541
0244
0461
0171
0172
0172
0397
0486
0125
0172
0518
0126
0397
0124
0415
0486
0471
0345
0397
0442
0445
0397
0397
0420
0345
0102
0051
0221
0463
0244
0002
0397
0397
0496
0397
0074
0416
0244
0397
0438
0392
0007
0321
0397
0485
0397
0397
0006
0422
0395
0468
0463
0397
0397
0397
0296
0486
0101
0397
0102
0471
0397
0397
0149
0541
0396
0008
0486
0218
0245
0054
0419
0396
0397
0123
0397
0411
0423
0423
0397
0397
0243
0244
0376
0375
0397
0397
0551
0076
0397
0397
0349
0397
0397
0467
0397
0397
0244
0323
0473
0244
0397
0343
0103
0397
0002
0566
0004
0397
0422
0397
0397
0397
0100
0320
0397
0397
0075
0442
0397
0391
0397
0397
0415
0245
0397
0391
0397
0397
0496
0397
0397
0244
0367
0415
0396
0397
0098
0397
0243
0397
0098
0444
0366
0097
0416
0464
0416
0343
0343
0392
0098
0392
0296
0006
0392
0387
0393
0397
0445
0398
0125
0126
0125
0126
0397
0416
0397
0416
0416
0397
0397
0397
0472
0416
0416
0392
0226
0026
0397
0057
0397
0392
0397
0421
0416
0416
0392
0416
0397
0392
0397
0539
0440
0392
0416
0397
0392
0392
0416
0392
0391
0243
0397
0417
0392
0392
0392
0392
0392
0392
0416
0392
0392
0392
0416
0416
0392
0392
0416
0392
0416
0392
0416
0416
0416
0392
0416
0416
0416
0393
0416
0416
0392
0416
0416
0392
0392
0416
0392
0392
0417
0416
0392
0392
0416
0392
0416
0392
0392
0416
0392
0392
0392
0416
0392
0392
0392
0392
0392
0392
0392
0397
0392
0342
0397
0008
0397
0397
0485
0397
0397
0081
0397
0540
0051
0006
0345
0439
0392
0244
0397
0397
0397
0321
0397
0032
0397
0397
0397
0397
0244
0397
0349
0397
0397
0343
0491
0397
0391
0397
0244
0393
0397
0546
0009
0397
0272
0102
0410
0543
0423
0397
0397
0295
0390
0445
0031
0397
0565
0175
0397
0397
0079
0392
0397
0367
0397
0348
0002
0392
0570
0397
0057
0397
0319
0127
0319
0397
0319
0319
0319
0319
0319
0319
0319
0245
0244
0397
0319
0319
0319
0100
0075
0319
0319
0319
0318
0319
0397
0244
0269
0248
0320
0397
0320
0397
0268
0341
0367
0225
0247
0397
0397
0247
0251
0222
0343
0103
0243
0272
0270
0397
0397
0373
0319
0244
0325
0122
0126
0485
0276
0275
0397
0295
0173
0076
0243
0397
0248
0173
0246
0296
0568
0001
0099
0397
0446
0498
0076
0497
0497
0397
0392
0497
0079
0122
0122
0126
0318
0397
0443
0397
0349
0268
0397
0269
0077
0397
0342
0034
0398
0102
0076
0395
0390
0151
0026
0457
0463
0244
0244
0149
0397
0397
0390
0149
0026
0026
0221
0126
0473
0473
0321
0392
0057
0320
0397
0410
0397
0102
0102
0366
0002
0321
0320
0317
0397
0244
0397
0197
0321
0397
0397
0297
0101
0268
0008
0274
0028
0268
0028
0392
0297
0244
0397
0244
0271
0444
0385
0397
0078
0442
0522
0321
0102
0026
0008
0485
0460
0125
0008
0421
0398
0274
0031
0392
0075
0103
0150
0390
0390
0300
0075
0397
0147
0147
0397
0343
0343
0392
0080
0397
0002
0397
0147
0149
0398
0397
0002
0387
0078
0447
0102
0397
0397
0397
0448
0481
0002
0074
0076
0397
0397
0055
0398
0296
0551
0593
0076
0075
0528
0397
0244
0102
0551
0056
0126
0397
0365
0419
0076
0244
0171
0050
0025
0049
0050
0397
0494
0146
0244
0371
0445
0345
0026
0397
0126
0399
0396
0032
0002
0397
0397
0397
0391
0050
0051
0410
0393
0076
0397
0472
0002
0078
0197
0076
0276
0007
0006
0127
0002
0317
0397
0392
0026
0151
0244
0244
0244
0297
0396
0296
0075
0397
0397
0079
0517
0102
0220
0171
0415
0126
0244
0126
0321
0076
0397
0196
0221
0347
0221
0397
0565
0491
0397
0124
0079
0102
0548
0126
0171
0548
0571
0547
0548
0123
0393
0397
0397
0396
0343
0343
0397
0392
0051
0151
0030
0002
0397
0008
0269
0414
0366
0397
0244
0422
0397
0103
0422
0422
0397
0340
0397
0463
0321
0397
0398
0397
0078
0462
0079
0078
0054
0344
0391
0027
0007
0298
0445
0271
0458
0397
0551
0102
0319
0102
0398
0103
0076
0388
0397
0388
0342
0075
0397
0397
0495
0002
0397
0397
0397
0422
0027
0397
0546
0150
0244
0397
0398
0397
0366
0445
0031
0057
0079
0149
0397
0528
0397
0295
0300
0324
0397
0397
0447
0447
0324
0397
0397
0409
0397
0409
0409
0080
0397
0058
0388
0025
0079
0123
0122
0102
0122
0443
0244
0342
0397
0397
0397
0484
0397
0392
0392
0392
0397
0397
0126
0397
0075
0484
0397
0124
0126
0126
0397
0397
0397
0049
0103
0397
0126
0491
0397
0415
0415
0122
0397
0397
0050
0419
0392
0392
0080
0102
0050
0419
0103
0103
0397
0418
0517
0122
0271
0005
0421
0397
0397
0439
0373
0397
0397
0296
0392
0392
0393
0392
0150
0342
0025
0368
0150
0150
0150
0149
0151
0150
0397
0397
0393
0397
0175
0151
0150
0151
0151
0174
0175
0397
0244
0268
0365
0244
0268
0127
0398
0076
0341
0341
0054
0321
0007
0397
0008
0397
0393
0393
0397
0149
0055
0147
0103
0397
0397
0125
0445
0103
0397
0399
0080
0076
0397
0397
0007
0394
0397
0397
0397
0414
0444
0418
0391
0220
0546
0397
0079
0397
0102
0009
0525
0295
0102
0421
0525
0397
0419
0409
0409
0410
0409
0409
0410
0078
0297
0546
0522
0055
0150
0343
0493
0397
0175
0397
0397
0517
0393
0417
0075
0397
0102
0056
0397
0220
0080
0397
0101
0397
0342
0026
0077
0270
0294
0318
0321
0026
0397
0321
0102
0272
0297
0102
0102
0393
0392
0392
0392
0392
0392
0103
0397
0171
0415
0392
0028
0372
0244
0077
0346
0129
0516
0102
0098
0397
0055
0298
0102
0321
0172
0397
0103
0220
0220
0373
0397
0296
0008
0392
0124
0102
0392
0398
0103
0397
0397
0463
0397
0392
0050
0367
0397
0147
0147
0125
0147
0102
0397
0269
0392
0269
0321
0077
0146
0397
0397
0410
0498
0415
0147
0463
0463
0421
0468
0027
0223
0397
0397
0314
0126
0002
0058
0245
0397
0293
0367
0397
0296
0399
0373
0397
0009
0397
0103
0397
0397
0318
0026
0030
0392
0397
0397
0392
0100
0244
0102
0507
0397
0102
0397
0397
0050
0469
0269
0225
0546
0296
0397
0447
0391
0491
0248
0397
0320
0366
0397
0367
0367
0397
0202
0367
0244
0028
0397
0397
0270
0245
0245
0391
0399
0296
0439
0498
0099
0423
0318
0515
0485
0397
0031
0397
0079
0397
0392
0026
0316
0101
0102
0399
0150
0397
0397
0564
0030
0289
0397
0397
0415
0390
0397
0397
0244
0397
0339
0397
0344
0026
0098
0098
0269
0219
0395
0272
0025
0372
0397
0029
0397
0397
0102
0077
0171
0569
0391
0397
0463
0009
0032
0171
0397
0397
0028
0421
0028
0397
0396
0031
0029
0397
0028
0244
0102
0397
0009
0468
0032
0397
0397
0122
0122
0409
0386
0446
0447
0397
0397
0026
0171
0397
0373
0076
0269
0397
0397
0397
0175
0345
0397
0102
0397
0029
0001
0006
0296
0397
0419
0248
0397
0414
0030
0220
0397
0174
0397
0397
0397
0397
0387
0032
0053
0003
0417
0589
0367
0397
0565
0564
0564
0397
0397
0397
0397
0102
0397
0592
0361
0447
0409
0391
0320
0422
0390
0104
0398
0397
0269
0171
0026
0175
0397
0397
0390
0057
0397
0397
0103
0196
0345
0392
0422
0397
0397
0075
0397
0390
0102
0318
0245
0050
0339
0397
0397
0324
0397
0422
0397
0492
0244
0244
0397
0472
0244
0448
0397
0102
0397
0269
0102
0250
0390
0100
0102
0392
0397
0397
0293
0397
0078
0053
0269
0077
0397
0412
0342
0397
0397
0275
0126
0171
0397
0397
0397
0296
0397
0397
0007
0269
0076
0391
0127
0347
0244
0294
0473
0414
0295
0244
0397
0392
0054
0397
0397
0244
0397
0472
0103
0397
0102
0366
0245
0101
0373
0244
0397
0397
0244
0446
0244
0102
0079
0397
0103
0397
0397
0397
0392
0392
0392
0392
0392
0392
0392
0392
0392
0392
0392
0392
0443
0443
0373
0026
0245
0268
0366
0296
0320
0418
0080
0223
0364
0244
0051
0077
0397
0008
0197
0397
0026
0397
0420
0052
0397
0225
0320
0415
0296
0125
0098
0098
0245
0103
0392
0392
0007
0392
0056
0397
0397
0002
0102
0397
0397
0099
0245
0392
0397
0397
0393
0397
0103
0269
0397
0244
0339
0221
0397
0397
0220
0220
0220
0220
0220
0220
0373
0026
0493
0417
0416
0397
0397
0464
0369
0524
0172
0390
0446
0397
0397
0546
0297
0004
0245
0397
0394
0397
0100
0126
0269
0102
0397
0397
0270
0102
0220
0439
0269
0293
0269
0269
0439
0414
0397
0414
0099
0099
0397
0268
0245
0102
0397
0397
0078
0245
0268
0393
0268
0296
0197
0245
0397
0321
0245
0419
0276
0276
0300
0397
0245
0397
0397
0347
0397
0397
0397
0219
0149
0269
0219
0390
0439
0398
0397
0397
0499
0077
0220
0244
0396
0102
0397
0397
0002
0397
0195
0397
0397
0420
0397
0371
0245
0007
0220
0245
0399
0076
0270
0299
0499
0244
0221
0269
0220
0244
0006
0338
0419
0269
0149
0269
0245
0397
0245
0244
0268
0268
0244
0268
0397
0221
0269
0270
0269
0268
0268
0244
0220
0294
0245
0220
0221
0245
0244
0270
0244
0269
0270
0245
0244
0244
0245
0244
0245
0077
0244
0270
0244
0244
0243
0244
0243
0244
0269
0244
0245
0268
0244
0244
0244
0244
0269
0244
0245
0268
0220
0268
0269
0269
0244
0244
0244
0269
0245
0245
0244
0220
0244
0245
0220
0244
0268
0269
0219
0244
0221
0221
0339
0268
0244
0269
0220
0244
0220
0294
0245
0220
0244
0245
0245
0221
0220
0220
0077
0050
0397
0321
0323
0397
0080
0390
0397
0397
0419
0397
0056
0397
0486
0397
0077
0397
0297
0397
0397
0321
0296
0226
0397
0373
0448
0397
0397
0444
0397
0385
0385
0397
0397
0412
0080
0026
0410
0397
0410
0102
0345
0171
0414
0396
0321
0028
0397
0448
0448
0373
0103
0102
0366
0397
0592
0593
0372
0297
0103
0546
0397
0439
0032
0397
0171
0171
0171
0397
0171
0387
0196
0539
0397
0397
0397
0397
0397
0373
0126
0397
0249
0397
0415
0390
0390
0104
0075
0348
0103
0397
0002
0002
0565
0102
0102
0104
0397
0397
0374
0397
0415
0098
0102
0397
0397
0247
0101
0398
0415
0397
0126
0222
0462
0397
0397
0461
0049
0397
0245
0002
0150
0423
0397
0364
0055
0245
0566
0098
0397
0543
0102
0373
0486
0031
0269
0564
0397
0397
0006
0397
0442
0442
0397
0342
0317
0102
0373
0374
0397
0276
0367
0397
0397
0527
0493
0498
0397
0315
0102
0102
0414
0414
0369
0397
0344
0270
0397
0397
0002
0416
0393
0394
0417
0416
0416
0416
0421
0002
0390
0391
0439
0397
0397
0523
0398
0100
0294
0397
0103
0343
0397
0075
0098
0098
0098
0098
0098
0414
0397
0367
0122
0122
0122
0122
0122
0397
0397
0248
0367
0398
0269
0397
0103
0149
0275
0367
0496
0325
0225
0397
0422
0293
0397
0103
0414
0414
0342
